0 6008
1 6008
2 6008
3 6008
4 6008
5 6008
6 6008
7 6008
8 6008
9 6008
10 6008
11 6008
12 6008
13 6008
14 6008
15 6008
16 6008
17 6008
18 6008
19 6008
20 6008
21 6008
22 6008
23 6008
24 6008
25 6008
26 6008
27 6008
28 6008
29 6008
30 6008
31 6008
32 6008
33 6008
34 6008
35 6008
36 6008
37 6008
38 6008
39 6008
40 6008
41 5848
42 5848
43 5848
44 5848
45 5848
46 5848
47 5848
48 5848
49 5848
50 5848
51 5848
52 5848
53 5848
54 5848
55 5848
56 5848
57 5848
58 5848
59 5848
60 5848
61 5848
62 5848
63 5848
64 5848
65 5848
66 5848
67 5848
68 5848
69 5848
70 5848
71 5848
72 5848
73 5848
74 5848
75 5848
76 5848
77 5848
78 5848
79 5848
80 5848
81 5848
82 5848
83 5848
84 5848
85 5848
86 5848
87 5848
88 5848
89 5848
90 5848
91 5848
92 5848
93 5848
94 5848
95 5848
96 5848
97 5848
98 5848
99 5848
100 5848
101 5848
102 5848
103 5848
104 5848
105 5848
106 5848
107 5848
108 5848
109 5848
110 5848
111 5848
112 5848
113 5848
114 5848
115 5848
116 5848
117 5848
118 5848
119 5848
120 5848
121 5848
122 5848
123 5848
124 5848
125 5848
126 5848
127 5848
128 5848
129 5848
130 5848
131 5848
132 5848
133 5848
134 5848
135 5848
136 5848
137 5848
138 5848
139 5848
140 5848
141 5848
142 5848
143 5848
144 5848
145 5848
146 5848
147 5848
148 5848
149 5848
150 5848
151 5848
152 5848
153 5848
154 5848
155 5848
156 5848
157 5848
158 5848
159 5848
160 5848
161 5848
162 5848
163 5848
164 5848
165 5848
166 5848
167 5848
168 5848
169 5848
170 5848
171 5848
172 5848
173 5848
174 5848
175 5848
176 5848
177 5848
178 5848
179 5848
180 5848
181 5848
182 5848
183 5848
184 5848
185 5848
186 5848
187 5848
188 5848
189 5848
190 5848
191 5848
192 5848
193 5848
194 5848
195 5848
196 5848
197 5848
198 5848
199 5848
200 5848
201 5848
202 5848
203 5848
204 5848
205 5848
206 5848
207 5848
208 5848
209 5848
210 5848
211 5848
212 5848
213 5848
214 5848
215 5848
216 5848
217 5848
218 5848
219 5848
220 5848
221 5848
222 5848
223 5848
224 5848
225 5848
226 5848
227 5848
228 5848
229 5848
230 5848
231 5848
232 5848
233 5848
234 5848
235 5848
236 5848
237 5848
238 5848
239 5848
240 5848
241 5848
242 5848
243 5848
244 5848
245 5848
246 5848
247 5848
248 5848
249 5848
250 5848
251 5848
252 5848
253 5848
254 5848
255 5848
256 5848
257 5848
258 5848
259 5848
260 5848
261 5848
262 5848
263 5848
264 5848
265 5848
266 5848
267 5848
268 5848
269 5848
270 5848
271 5848
272 5848
273 5848
274 5848
275 5848
276 5848
277 5848
278 5848
279 5848
280 5848
281 5848
282 5848
283 5848
284 5848
285 5848
286 5848
287 5848
288 5848
289 5848
290 5848
291 5848
292 5848
293 5848
294 5848
295 5848
296 5848
297 5848
298 5848
299 5848
300 5848
301 5848
302 5848
303 5848
304 5848
305 5848
306 5848
307 5848
308 5848
309 5848
310 5848
311 5848
312 5848
313 5848
314 5848
315 5848
316 5848
317 5848
318 5848
319 5848
320 5848
321 5848
322 5848
323 5848
324 5848
325 5848
326 5848
327 5848
328 5848
329 5848
330 5848
331 5848
332 5848
333 5848
334 5848
335 5848
336 5848
337 5848
338 5848
339 5848
340 5848
341 5848
342 5848
343 5848
344 5848
345 5848
346 5848
347 5848
348 5848
349 5848
350 5848
351 5848
352 5848
353 5848
354 5848
355 5848
356 5848
357 5848
358 5848
359 5848
360 5848
361 5848
362 5848
363 5848
364 5848
365 5848
366 5848
367 5848
368 5848
369 5848
370 5848
371 5848
372 5848
373 5848
374 5848
375 5848
376 5848
377 5848
378 5848
379 5848
380 5848
381 5848
382 5848
383 5848
384 5848
385 5848
386 5848
387 5848
388 5848
389 5848
390 5848
391 5848
392 5848
393 5848
394 5848
395 5848
396 5848
397 5848
398 5848
399 5848
400 5848
401 5848
402 5848
403 5848
404 5848
405 5848
406 5848
407 5848
408 5848
409 5848
410 5848
411 5848
412 5848
413 5848
414 5848
415 5848
416 5848
417 5848
418 5848
419 5848
420 5848
421 5848
422 5848
423 5848
424 5848
425 5848
426 5848
427 5848
428 5848
429 5848
430 5848
431 5848
432 5848
433 5848
434 5848
435 5848
436 5848
437 5848
438 5848
439 5848
440 5848
441 5848
442 5848
443 5848
444 5848
445 5848
446 5848
447 5848
448 5848
449 5848
450 5848
451 5848
452 5848
453 5848
454 5848
455 5848
456 5848
457 5848
458 5848
459 5848
460 5848
461 5848
462 5848
463 5848
464 5848
465 5848
466 5848
467 5848
468 5848
469 5848
470 5848
471 5848
472 5848
473 5848
474 5848
475 5848
476 5848
477 5848
478 5848
479 5848
480 5848
481 5848
482 5848
483 5848
484 5848
485 5848
486 5848
487 5848
488 5848
489 5848
490 5848
491 5848
492 5848
493 5848
494 5848
495 5848
496 5848
497 5848
498 5848
499 5848
500 5848
501 5848
502 5848
503 5848
504 5848
505 5848
506 5848
507 5848
508 5848
509 5848
510 5848
511 5848
512 5848
513 5848
514 5848
515 5848
516 5848
517 5848
518 5848
519 5848
520 5848
521 5848
522 5848
523 5848
524 5848
525 5848
526 5848
527 5848
528 5848
529 5848
530 5848
531 5848
532 5848
533 5848
534 5848
535 5848
536 5848
537 5848
538 5848
539 5848
540 5848
541 5848
542 5848
543 5848
544 5848
545 5848
546 5848
547 5848
548 5848
549 5848
550 5848
551 5848
552 5848
553 5848
554 5848
555 5848
556 5848
557 5848
558 5848
559 5848
560 5848
561 5848
562 5848
563 5848
564 5848
565 5848
566 5848
567 5848
568 5848
569 5848
570 5848
571 5848
572 5848
573 5848
574 5848
575 5848
576 5848
577 5848
578 5848
579 5848
580 5848
581 5848
582 5848
583 5848
584 5848
585 5848
586 5848
587 5848
588 5848
589 5848
590 5848
591 5848
592 5848
593 5848
594 5848
595 5848
596 5848
597 5848
598 5848
599 5848
600 5848
601 5848
602 5848
603 5848
604 5848
605 5848
606 5848
607 5848
608 5848
609 5848
610 5848
611 5848
612 5848
613 5848
614 5848
615 5848
616 5848
617 5848
618 5848
619 5848
620 5848
621 5848
622 5848
623 5848
624 5848
625 5848
626 5848
627 5848
628 5848
629 5848
630 5848
631 5848
632 5848
633 5848
634 5848
635 5848
636 5848
637 5848
638 5848
639 5848
640 5848
641 5848
642 5848
643 5848
644 5848
645 5848
646 5848
647 5848
648 5848
649 5848
650 5848
651 5848
652 5848
653 5848
654 5848
655 5848
656 5848
657 5848
658 5848
659 5848
660 5848
661 5848
662 5848
663 5848
664 5848
665 5848
666 5848
667 5848
668 5848
669 5848
670 5848
671 5848
672 5848
673 5848
674 5848
675 5848
676 5848
677 5848
678 5848
679 5848
680 5848
681 5848
682 5848
683 5848
684 5848
685 5848
686 5848
687 5848
688 5848
689 5848
690 5848
691 5848
692 5848
693 5848
694 5848
695 5848
696 5848
697 5848
698 5848
699 5848
700 5848
701 5848
702 5848
703 5848
704 5848
705 5848
706 5848
707 5848
708 5848
709 5848
710 5848
711 5848
712 5848
713 5848
714 5848
715 5848
716 5848
717 5848
718 5848
719 5848
720 5848
721 5848
722 5848
723 5848
724 5848
725 5848
726 5848
727 5848
728 5848
729 5848
730 5848
731 5848
732 5848
733 5848
734 5848
735 5848
736 5848
737 5848
738 5848
739 5848
740 5848
741 5848
742 5848
743 5848
744 5848
745 5848
746 5848
747 5848
748 5848
749 5848
750 5848
751 5848
752 5848
753 5848
754 5848
755 5848
756 5848
757 5848
758 5848
759 5848
760 5848
761 5848
762 5848
763 5848
764 5848
765 5848
766 5848
767 5848
768 5848
769 5848
770 5848
771 5848
772 5848
773 5848
774 5848
775 5848
776 5848
777 5848
778 5848
779 5848
780 5848
781 5848
782 5848
783 5848
784 5848
785 5848
786 5848
787 5848
788 5848
789 5848
790 5848
791 5848
792 5848
793 5848
794 5848
795 5848
796 5848
797 5848
798 5848
799 5848
800 5848
801 5848
802 5848
803 5848
804 5848
805 5848
806 5848
807 5848
808 5848
809 5848
810 5848
811 5848
812 5848
813 5848
814 5848
815 5848
816 5848
817 5848
818 5848
819 5848
820 5848
821 5848
822 5848
823 5848
824 5848
825 5848
826 5848
827 5848
828 5848
829 5848
830 5848
831 5848
832 5848
833 5848
834 5848
835 5848
836 5848
837 5848
838 5848
839 5848
840 5848
841 5848
842 5848
843 5848
844 5848
845 5848
846 5848
847 5848
848 5848
849 5848
850 5848
851 5848
852 5848
853 5848
854 5848
855 5848
856 5848
857 5848
858 5848
859 5848
860 5848
861 5848
862 5848
863 5848
864 5848
865 5848
866 5848
867 5848
868 5848
869 5848
870 5848
871 5848
872 5848
873 5848
874 5848
875 5848
876 5848
877 5848
878 5848
879 5848
880 5848
881 5848
882 5848
883 5848
884 5848
885 5848
886 5848
887 5848
888 5848
889 5848
890 5848
891 5848
892 5848
893 5848
894 5848
895 5848
896 5848
897 5848
898 5848
899 5848
900 5848
901 5848
902 5848
903 5848
904 5848
905 5848
906 5848
907 5848
908 5848
909 5848
910 5848
911 5848
912 5848
913 5848
914 5848
915 5848
916 5848
917 5848
918 5848
919 5848
920 5848
921 5848
922 5848
923 5848
924 5848
925 5848
926 5848
927 5848
928 5848
929 5848
930 5848
931 5848
932 5848
933 5848
934 5848
935 5848
936 5848
937 5848
938 5848
939 5848
940 5848
941 5848
942 5848
943 5848
944 5848
945 5848
946 5848
947 5848
948 5848
949 5848
950 5848
951 5848
952 5848
953 5848
954 5848
955 5848
956 5848
957 5848
958 5848
959 5848
960 5848
961 5848
962 5848
963 5848
964 5848
965 5848
966 5848
967 5848
968 5848
969 5848
970 5848
971 5848
972 5848
973 5848
974 5848
975 5848
976 5848
977 5848
978 5848
979 5848
980 5848
981 5848
982 5848
983 5848
984 5848
985 5848
986 5848
987 5848
988 5848
989 5848
990 5848
991 5848
992 5848
993 5848
994 5848
995 5848
996 5848
997 5848
998 5848
999 5848
1000 5848
1001 5848
1002 5848
1003 5848
1004 5848
1005 5848
1006 5848
1007 5848
1008 5848
1009 5848
1010 5848
1011 5848
1012 5848
1013 5848
1014 5848
1015 5848
1016 5848
1017 5848
1018 5848
1019 5848
1020 5848
1021 5848
1022 5848
1023 5848
1024 5848
1025 5848
1026 5848
1027 5848
1028 5848
1029 5848
1030 5848
1031 5848
1032 5848
1033 5848
1034 5848
1035 5848
1036 5848
1037 5848
1038 5848
1039 5848
1040 5848
1041 5848
1042 5848
1043 5848
1044 5848
1045 5848
1046 5848
1047 5848
1048 5848
1049 5848
1050 5848
1051 5848
1052 5848
1053 5848
1054 5848
1055 5848
1056 5848
1057 5848
1058 5848
1059 5848
1060 5848
1061 5848
1062 5848
1063 5848
1064 5848
1065 5848
1066 5848
1067 5848
1068 5848
1069 5848
1070 5848
1071 5848
1072 5848
1073 5848
1074 5848
1075 5848
1076 5848
1077 5848
1078 5848
1079 5848
1080 5848
1081 5848
1082 5848
1083 5848
1084 5848
1085 5848
1086 5848
1087 5848
1088 5848
1089 5848
1090 5848
1091 5848
1092 5848
1093 5848
1094 5848
1095 5848
1096 5848
1097 5848
1098 5848
1099 5848
1100 5848
1101 5848
1102 5848
1103 5848
1104 5848
1105 5848
1106 5848
1107 5848
1108 5848
1109 5848
1110 5848
1111 5848
1112 5848
1113 5848
1114 5848
1115 5848
1116 5848
1117 5848
1118 5848
1119 5848
1120 5848
1121 5848
1122 5848
1123 5848
1124 5848
1125 5848
1126 5848
1127 5848
1128 5848
1129 5848
1130 5848
1131 5848
1132 5848
1133 5848
1134 5848
1135 5848
1136 5848
1137 5848
1138 5848
1139 5848
1140 5848
1141 5848
1142 5848
1143 5848
1144 5848
1145 5848
1146 5848
1147 5848
1148 5848
1149 5848
1150 5848
1151 5848
1152 5848
1153 5848
1154 5848
1155 5848
1156 5848
1157 5848
1158 5848
1159 5848
1160 5848
1161 5848
1162 5848
1163 5848
1164 5848
1165 5848
1166 5848
1167 5848
1168 5848
1169 5848
1170 5848
1171 5848
1172 5848
1173 5848
1174 5848
1175 5848
1176 5848
1177 5848
1178 5848
1179 5848
1180 5848
1181 5848
1182 5848
1183 5848
1184 5848
1185 5848
1186 5848
1187 5848
1188 5848
1189 5848
1190 5848
1191 5848
1192 5848
1193 5848
1194 5848
1195 5848
1196 5848
1197 5848
1198 5848
1199 5848
1200 5848
1201 5848
1202 5848
1203 5848
1204 5848
1205 5848
1206 5848
1207 5848
1208 5848
1209 5848
1210 5848
1211 5848
1212 5848
1213 5848
1214 5848
1215 5848
1216 5848
1217 5848
1218 5848
1219 5848
1220 5848
1221 5848
1222 5848
1223 5848
1224 5848
1225 5848
1226 5848
1227 5848
1228 5848
1229 5848
1230 5848
1231 5848
1232 5848
1233 5848
1234 5848
1235 5848
1236 5848
1237 5848
1238 5848
1239 5848
1240 5848
1241 5848
1242 5848
1243 5848
1244 5848
1245 5848
1246 5848
1247 5848
1248 5848
1249 5848
1250 5848
1251 5848
1252 5848
1253 5848
1254 5848
1255 5848
1256 5848
1257 5848
1258 5848
1259 5848
1260 5848
1261 5848
1262 5848
1263 5848
1264 5848
1265 5848
1266 5848
1267 5848
1268 5848
1269 5848
1270 5848
1271 5848
1272 5848
1273 5848
1274 5848
1275 5848
1276 5848
1277 5848
1278 5848
1279 5848
1280 5848
1281 5848
1282 5848
1283 5848
1284 5848
1285 5848
1286 5848
1287 5848
1288 5848
1289 5848
1290 5848
1291 5848
1292 5848
1293 5848
1294 5848
1295 5848
1296 5848
1297 5848
1298 5848
1299 5848
1300 5848
1301 5848
1302 5848
1303 5848
1304 5848
1305 5848
1306 5848
1307 5848
1308 5848
1309 5848
1310 5848
1311 5848
1312 5848
1313 5848
1314 5848
1315 5848
1316 5848
1317 5848
1318 5848
1319 5848
1320 5848
1321 5848
1322 5848
1323 5848
1324 5848
1325 5848
1326 5848
1327 5848
1328 5848
1329 5848
1330 5848
1331 5848
1332 5848
1333 5848
1334 5848
1335 5848
1336 5848
1337 5848
1338 5848
1339 5848
1340 5848
1341 5848
1342 5848
1343 5848
1344 5848
1345 5848
1346 5848
1347 5848
1348 5848
1349 5848
1350 5848
1351 5848
1352 5848
1353 5848
1354 5848
1355 5848
1356 5848
1357 5848
1358 5848
1359 5848
1360 5848
1361 5848
1362 5848
1363 5848
1364 5848
1365 5848
1366 5848
1367 5848
1368 5848
1369 5848
1370 5848
1371 5848
1372 5848
1373 5848
1374 5848
1375 5848
1376 5848
1377 5848
1378 5848
1379 5848
1380 5848
1381 5848
1382 5848
1383 5848
1384 5848
1385 5848
1386 5848
1387 5848
1388 5848
1389 5848
1390 5848
1391 5848
1392 5848
1393 5848
1394 5848
1395 5848
1396 5848
1397 5848
1398 5848
1399 5848
1400 5848
1401 5848
1402 5848
1403 5848
1404 5848
1405 5848
1406 5848
1407 5848
1408 5848
1409 5848
1410 5848
1411 5848
1412 5848
1413 5848
1414 5848
1415 5848
1416 5848
1417 5848
1418 5848
1419 5848
1420 5848
1421 5848
1422 5848
1423 5848
1424 5848
1425 5848
1426 5848
1427 5848
1428 5848
1429 5848
1430 5848
1431 5848
1432 5848
1433 5848
1434 5848
1435 5848
1436 5848
1437 5848
1438 5848
1439 5848
1440 5848
1441 5848
1442 5848
1443 5848
1444 5848
1445 5848
1446 5848
1447 5848
1448 5848
1449 5848
1450 5848
1451 5848
1452 5848
1453 5848
1454 5848
1455 5848
1456 5848
1457 5848
1458 5848
1459 5848
1460 5848
1461 5848
1462 5848
1463 5848
1464 5848
1465 5848
1466 5848
1467 5848
1468 5848
1469 5848
1470 5848
1471 5848
1472 5848
1473 5848
1474 5848
1475 5848
1476 5848
1477 5848
1478 5848
1479 5848
1480 5848
1481 5848
1482 5848
1483 5848
1484 5848
1485 5848
1486 5848
1487 5848
1488 5848
1489 5848
1490 5848
1491 5848
1492 5848
1493 5848
1494 5848
1495 5848
1496 5848
1497 5848
1498 5848
1499 5848
1500 5848
1501 5848
1502 5848
1503 5848
1504 5848
1505 5848
1506 5848
1507 5848
1508 5848
1509 5848
1510 5848
1511 5848
1512 5848
1513 5848
1514 5848
1515 5848
1516 5848
1517 5848
1518 5848
1519 5848
1520 5848
1521 5848
1522 5848
1523 5848
1524 5848
1525 5848
1526 5848
1527 5848
1528 5848
1529 5848
1530 5848
1531 5848
1532 5848
1533 5848
1534 5848
1535 5848
1536 5848
1537 5848
1538 5848
1539 5848
1540 5848
1541 5848
1542 5848
1543 5848
1544 5848
1545 5848
1546 5848
1547 5848
1548 5848
1549 5848
1550 5848
1551 5848
1552 5848
1553 5848
1554 5848
1555 5848
1556 5848
1557 5848
1558 5848
1559 5848
1560 5848
1561 5848
1562 5848
1563 5848
1564 5848
1565 5848
1566 5848
1567 5848
1568 5848
1569 5848
1570 5848
1571 5848
1572 5848
1573 5848
1574 5848
1575 5848
1576 5848
1577 5848
1578 5848
1579 5848
1580 5848
1581 5848
1582 5848
1583 5848
1584 5848
1585 5848
1586 5848
1587 5848
1588 5848
1589 5848
1590 5848
1591 5848
1592 5848
1593 5848
1594 5848
1595 5848
1596 5848
1597 5848
1598 5848
1599 5848
1600 5848
1601 5848
1602 5848
1603 5848
1604 5848
1605 5848
1606 5848
1607 5848
1608 5848
1609 5848
1610 5848
1611 5848
1612 5848
1613 5848
1614 5848
1615 5848
1616 5848
1617 5848
1618 5848
1619 5848
1620 5848
1621 5848
1622 5848
1623 5848
1624 5848
1625 5848
1626 5848
1627 5848
1628 5848
1629 5848
1630 5848
1631 5848
1632 5848
1633 5848
1634 5848
1635 5848
1636 5848
1637 5848
1638 5848
1639 5848
1640 5848
1641 5848
1642 5848
1643 5848
1644 5848
1645 5848
1646 5848
1647 5848
1648 5848
1649 5848
1650 5848
1651 5848
1652 5848
1653 5848
1654 5848
1655 5848
1656 5848
1657 5848
1658 5848
1659 5848
1660 5848
1661 5848
1662 5848
1663 5848
1664 5848
1665 5848
1666 5848
1667 5848
1668 5848
1669 5848
1670 5848
1671 5848
1672 5848
1673 5848
1674 5848
1675 5848
1676 5848
1677 5848
1678 5848
1679 5848
1680 5848
1681 5848
1682 5848
1683 5848
1684 5848
1685 5848
1686 5848
1687 5848
1688 5848
1689 5848
1690 5848
1691 5848
1692 5848
1693 5848
1694 5848
1695 5848
1696 5848
1697 5848
1698 5848
1699 5848
1700 5848
1701 5848
1702 5848
1703 5848
1704 5848
1705 5848
1706 5848
1707 5848
1708 5848
1709 5848
1710 5848
1711 5848
1712 5848
1713 5848
1714 5848
1715 5848
1716 5848
1717 5848
1718 5848
1719 5848
1720 5848
1721 5848
1722 5848
1723 5848
1724 5848
1725 5848
1726 5848
1727 5848
1728 5848
1729 5848
1730 5848
1731 5848
1732 5848
1733 5848
1734 5848
1735 5848
1736 5848
1737 5848
1738 5848
1739 5848
1740 5848
1741 5848
1742 5848
1743 5848
1744 5848
1745 5848
1746 5848
1747 5848
1748 5848
1749 5848
1750 5848
1751 5848
1752 5848
1753 5848
1754 5848
1755 5848
1756 5848
1757 5848
1758 5848
1759 5848
1760 5848
1761 5848
1762 5848
1763 5848
1764 5848
1765 5848
1766 5848
1767 5848
1768 5848
1769 5848
1770 5848
1771 5848
1772 5848
1773 5848
1774 5848
1775 5848
1776 5848
1777 5848
1778 5848
1779 5848
1780 5848
1781 5848
1782 5848
1783 5848
1784 5848
1785 5848
1786 5848
1787 5848
1788 5848
1789 5848
1790 5848
1791 5848
1792 5848
1793 5848
1794 5848
1795 5848
1796 5848
1797 5848
1798 5848
1799 5848
1800 5848
1801 5848
1802 5848
1803 5848
1804 5848
1805 5848
1806 5848
1807 5848
1808 5848
1809 5848
1810 5848
1811 5848
1812 5848
1813 5848
1814 5848
1815 5848
1816 5848
1817 5848
1818 5848
1819 5848
1820 5848
1821 5848
1822 5848
1823 5848
1824 5848
1825 5848
1826 5848
1827 5848
1828 5848
1829 5848
1830 5848
1831 5848
1832 5848
1833 5848
1834 5848
1835 5848
1836 5848
1837 5848
1838 5848
1839 5848
1840 5848
1841 5848
1842 5848
1843 5848
1844 5848
1845 5848
1846 5848
1847 5848
1848 5848
1849 5848
1850 5848
1851 5848
1852 5848
1853 5848
1854 5848
1855 5848
1856 5848
1857 5848
1858 5848
1859 5848
1860 5848
1861 5848
1862 5848
1863 5848
1864 5848
1865 5848
1866 5848
1867 5848
1868 5848
1869 5848
1870 5848
1871 5848
1872 5848
1873 5848
1874 5848
1875 5848
1876 5848
1877 5848
1878 5848
1879 5848
1880 5848
1881 5848
1882 5848
1883 5848
1884 5848
1885 5848
1886 5848
1887 5848
1888 5848
1889 5848
1890 5848
1891 5848
1892 5848
1893 5848
1894 5848
1895 5848
1896 5848
1897 5848
1898 5848
1899 5848
1900 5848
1901 5848
1902 5848
1903 5848
1904 5848
1905 5848
1906 5848
1907 5848
1908 5848
1909 5848
1910 5848
1911 5848
1912 5848
1913 5848
1914 5848
1915 5848
1916 5848
1917 5848
1918 5848
1919 5848
1920 5848
1921 5848
1922 5848
1923 5848
1924 5848
1925 5848
1926 5848
1927 5848
1928 5848
1929 5848
1930 5848
1931 5848
1932 5848
1933 5848
1934 5848
1935 5848
1936 5848
1937 5848
1938 5848
1939 5848
1940 5848
1941 5848
1942 5848
1943 5848
1944 5848
1945 5848
1946 5848
1947 5848
1948 5848
1949 5848
1950 5848
1951 5848
1952 5848
1953 5848
1954 5848
1955 5848
1956 5848
1957 5848
1958 5848
1959 5848
1960 5848
1961 5848
1962 5848
1963 5848
1964 5848
1965 5848
1966 5848
1967 5848
1968 5848
1969 5848
1970 5848
1971 5848
1972 5848
1973 5848
1974 5848
1975 5848
1976 5848
1977 5848
1978 5848
1979 5848
1980 5848
1981 5848
1982 5848
1983 5848
1984 5848
1985 5848
1986 5848
1987 5848
1988 5848
1989 5848
1990 5848
1991 5848
1992 5848
1993 5848
1994 5848
1995 5848
1996 5848
1997 5848
1998 5848
1999 5848
