0 6008
1 6008
2 6008
3 6008
4 6008
5 6008
6 6008
7 6008
8 6008
9 6008
10 6008
11 6008
12 6008
13 6008
14 6008
15 6008
16 6008
17 6008
18 6008
19 6008
20 6008
21 6008
22 6008
23 6008
24 6008
25 6008
26 6008
27 6008
28 6008
29 6008
30 6008
31 6008
32 6008
33 6008
34 6008
35 6008
36 6008
37 6008
38 6008
39 6008
40 6008
41 6008
42 6008
43 6008
44 6008
45 6008
46 6008
47 6008
48 6008
49 6008
50 6008
51 6008
52 6008
53 6008
54 6008
55 6008
56 6008
57 6008
58 6008
59 6008
60 6008
61 6008
62 6008
63 6008
64 6008
65 6008
66 6008
67 6008
68 6008
69 6008
70 6008
71 6008
72 6008
73 6008
74 6008
75 6008
76 6008
77 6008
78 6008
79 6008
80 6008
81 6008
82 6008
83 6008
84 6008
85 6008
86 6008
87 6008
88 6008
89 6008
90 6008
91 6008
92 6008
93 6008
94 6008
95 6008
96 6008
97 6008
98 6008
99 6008
100 6008
101 6008
102 6008
103 6008
104 6008
105 6008
106 6008
107 6008
108 6008
109 6008
110 6008
111 6008
112 6008
113 6008
114 6008
115 6008
116 6008
117 6008
118 6008
119 6008
120 6008
121 6008
122 6008
123 6008
124 6008
125 6008
126 6008
127 6008
128 6008
129 6008
130 6008
131 6008
132 6008
133 6008
134 6008
135 6008
136 6008
137 6008
138 6008
139 6008
140 6008
141 6008
142 6008
143 6008
144 6008
145 6008
146 6008
147 6008
148 6008
149 6008
150 6008
151 6008
152 6008
153 6008
154 6008
155 6008
156 6008
157 6008
158 6008
159 6008
160 6008
161 6008
162 6008
163 6008
164 6008
165 6008
166 6008
167 6008
168 6008
169 6008
170 6008
171 6008
172 6008
173 6008
174 6008
175 6008
176 6008
177 6008
178 6008
179 6008
180 6008
181 6008
182 6008
183 6008
184 6008
185 6008
186 6008
187 6008
188 6008
189 6008
190 6008
191 6008
192 6008
193 6008
194 6008
195 6008
196 6008
197 6008
198 6008
199 6008
200 6008
201 6008
202 6008
203 6008
204 6008
205 6008
206 6008
207 6008
208 6008
209 6008
210 6008
211 6008
212 6008
213 6008
214 6008
215 6008
216 6008
217 6008
218 6008
219 6008
220 6008
221 6008
222 6008
223 6008
224 6008
225 6008
226 6008
227 6008
228 6008
229 6008
230 6008
231 6008
232 6008
233 6008
234 6008
235 6008
236 6008
237 6008
238 6008
239 6008
240 6008
241 6008
242 6008
243 6008
244 6008
245 6008
246 6008
247 6008
248 6008
249 6008
250 6008
251 6008
252 6008
253 6008
254 6008
255 6008
256 6008
257 6008
258 6008
259 6008
260 6008
261 6008
262 6008
263 6008
264 6008
265 6008
266 6008
267 6008
268 6008
269 6008
270 6008
271 6008
272 6008
273 6008
274 6008
275 6008
276 6008
277 6008
278 6008
279 6008
280 6008
281 6008
282 6008
283 6008
284 6008
285 6008
286 6008
287 6008
288 6008
289 6008
290 6008
291 6008
292 6008
293 6008
294 6008
295 6008
296 6008
297 6008
298 6008
299 6008
300 6008
301 6008
302 6008
303 6008
304 6008
305 6008
306 6008
307 6008
308 6008
309 6008
310 6008
311 6008
312 6008
313 6008
314 6008
315 6008
316 6008
317 6008
318 6008
319 6008
320 6008
321 6008
322 6008
323 6008
324 6008
325 6008
326 6008
327 6008
328 6008
329 6008
330 6008
331 6008
332 6008
333 6008
334 6008
335 5814
336 5814
337 5814
338 5814
339 5764
340 5764
341 5764
342 5764
343 5764
344 5764
345 5764
346 5764
347 5764
348 5764
349 5764
350 5614
351 5614
352 5614
353 5614
354 5614
355 5614
356 5614
357 5614
358 5614
359 5614
360 5614
361 5614
362 5614
363 5614
364 5614
365 5614
366 5614
367 5614
368 5614
369 5614
370 5614
371 5370
372 5370
373 5370
374 5370
375 5370
376 5370
377 5370
378 5370
379 5370
380 5370
381 5370
382 5370
383 5370
384 5370
385 5370
386 5370
387 5370
388 5370
389 5370
390 5370
391 5370
392 5370
393 5370
394 5370
395 5370
396 5370
397 5370
398 5370
399 5370
400 5370
401 5370
402 5370
403 5370
404 5370
405 5370
406 5370
407 5370
408 5370
409 5370
410 5370
411 5370
412 5370
413 5370
414 5370
415 5370
416 5370
417 5370
418 5370
419 5370
420 5370
421 5370
422 5370
423 5370
424 5370
425 5370
426 5370
427 5370
428 5370
429 5370
430 5370
431 5370
432 5370
433 5370
434 5370
435 5370
436 5370
437 5370
438 5370
439 5370
440 5370
441 5370
442 5370
443 5370
444 5370
445 5370
446 5370
447 5370
448 5370
449 5370
450 5370
451 5370
452 5370
453 5370
454 5370
455 5370
456 5370
457 5370
458 5370
459 5370
460 5370
461 5304
462 5304
463 5304
464 5304
465 5304
466 5304
467 5304
468 5304
469 5304
470 5304
471 5304
472 5304
473 5304
474 5304
475 5304
476 5304
477 5304
478 5304
479 5304
480 5304
481 5304
482 5304
483 5304
484 5304
485 5304
486 5304
487 5304
488 5304
489 5304
490 5304
491 5304
492 5304
493 5304
494 5304
495 5304
496 5304
497 5304
498 5304
499 5304
500 5304
501 5304
502 5304
503 5304
504 5304
505 5304
506 5304
507 5304
508 5304
509 5304
510 5304
511 5304
512 5304
513 5304
514 5304
515 5304
516 5304
517 5304
518 5304
519 5304
520 5304
521 5304
522 5304
523 5304
524 5304
525 5304
526 5304
527 5304
528 5304
529 5304
530 5304
531 5304
532 5304
533 5304
534 5304
535 5304
536 5304
537 5304
538 5304
539 5304
540 5304
541 5304
542 5304
543 5304
544 5304
545 5304
546 5304
547 5304
548 5304
549 5304
550 5304
551 5304
552 5304
553 5304
554 5304
555 5304
556 5304
557 5304
558 5304
559 5304
560 5304
561 5304
562 5304
563 5304
564 5304
565 5304
566 5304
567 5304
568 5304
569 5304
570 5304
571 5304
572 5304
573 5304
574 5254
575 5254
576 5254
577 5254
578 5254
579 5254
580 5254
581 5254
582 5254
583 5254
584 5254
585 5254
586 5254
587 5254
588 5254
589 5254
590 5254
591 5254
592 5254
593 5254
594 5254
595 5254
596 5254
597 5254
598 5254
599 5254
600 5254
601 5254
602 5254
603 5254
604 5254
605 5254
606 5254
607 5254
608 5254
609 5254
610 5254
611 5254
612 5254
613 5254
614 5254
615 5254
616 5254
617 5254
618 5254
619 5254
620 5254
621 5254
622 5254
623 5254
624 5254
625 5254
626 5254
627 5254
628 5254
629 5254
630 5254
631 5254
632 5254
633 5254
634 5254
635 5254
636 5254
637 5254
638 5254
639 5254
640 5254
641 5254
642 5254
643 5254
644 5254
645 5254
646 5254
647 5254
648 5254
649 5254
650 5254
651 5254
652 5254
653 5254
654 5254
655 5254
656 5254
657 5254
658 5254
659 5254
660 5254
661 5254
662 5254
663 5254
664 5254
665 5254
666 5254
667 5254
668 5254
669 5254
670 5254
671 5254
672 5254
673 5254
674 5254
675 5254
676 5254
677 5254
678 5254
679 5254
680 5254
681 5254
682 5254
683 5254
684 5254
685 5254
686 5254
687 5254
688 5254
689 5254
690 5254
691 5254
692 5254
693 5254
694 5254
695 5254
696 5254
697 5254
698 5254
699 5254
700 5254
701 5254
702 5254
703 5254
704 5254
705 5254
706 5254
707 5254
708 5254
709 5254
710 5254
711 5254
712 5254
713 5254
714 5254
715 5254
716 5254
717 5254
718 5254
719 5254
720 5254
721 5254
722 5254
723 5254
724 5254
725 5254
726 5254
727 5254
728 5254
729 5254
730 5254
731 5254
732 5254
733 5254
734 5254
735 5254
736 5254
737 5254
738 5254
739 5254
740 5254
741 5254
742 5254
743 5254
744 5254
745 5254
746 5254
747 5254
748 5254
749 5254
750 5254
751 5254
752 5254
753 5254
754 5254
755 5254
756 5254
757 5254
758 5254
759 5254
760 5254
761 5254
762 5254
763 5254
764 5254
765 5254
766 5254
767 5254
768 5254
769 5254
770 5254
771 5254
772 5254
773 5254
774 5254
775 5254
776 5254
777 5254
778 5254
779 5254
780 5254
781 5254
782 5254
783 5254
784 5254
785 5254
786 5254
787 5254
788 5254
789 5254
790 5254
791 5254
792 5254
793 5254
794 5254
795 5254
796 5254
797 5254
798 5254
799 5254
800 5254
801 5254
802 5254
803 5254
804 5254
805 5254
806 5254
807 5254
808 5254
809 5254
810 5254
811 5254
812 5254
813 5254
814 5254
815 5254
816 5254
817 5254
818 5254
819 5254
820 5254
821 5254
822 5254
823 5254
824 5254
825 5254
826 5254
827 5254
828 5254
829 5254
830 5254
831 5254
832 5254
833 5254
834 5254
835 5254
836 5254
837 5254
838 5254
839 5254
840 5254
841 5254
842 5254
843 5254
844 5254
845 5254
846 5254
847 5254
848 5254
849 5254
850 5254
851 5254
852 5254
853 5254
854 5254
855 5254
856 5254
857 5254
858 5254
859 5254
860 5254
861 5254
862 5254
863 5254
864 5254
865 5254
866 5254
867 5254
868 5254
869 5254
870 5254
871 5254
872 5254
873 5254
874 5254
875 5254
876 5254
877 5254
878 5254
879 5254
880 5254
881 5254
882 5254
883 5254
884 5254
885 5254
886 5254
887 5254
888 5254
889 5254
890 5254
891 5254
892 5254
893 5254
894 5254
895 5254
896 5254
897 5254
898 5254
899 5254
900 5254
901 5254
902 5254
903 5254
904 5254
905 5254
906 5254
907 5254
908 5254
909 5254
910 5254
911 5254
912 5254
913 5254
914 5254
915 5254
916 5254
917 5254
918 5254
919 5254
920 5254
921 5254
922 5254
923 5254
924 5254
925 5254
926 5254
927 5254
928 5254
929 5254
930 5254
931 5254
932 5254
933 5254
934 5254
935 5254
936 5254
937 5254
938 5254
939 5254
940 5254
941 5254
942 5254
943 5254
944 5254
945 5254
946 5254
947 5254
948 5254
949 5254
950 5254
951 5254
952 5254
953 5254
954 5254
955 5254
956 5254
957 5254
958 5254
959 5254
960 5254
961 5254
962 5254
963 5254
964 5254
965 5254
966 5254
967 5254
968 5254
969 5254
970 5254
971 5254
972 5254
973 5254
974 5254
975 5254
976 5254
977 5254
978 5254
979 5254
980 5254
981 5254
982 5254
983 5254
984 5254
985 5254
986 5254
987 5254
988 5254
989 5254
990 5254
991 5254
992 5254
993 5254
994 5254
995 5254
996 5254
997 5254
998 5254
999 5254
1000 5254
1001 5254
1002 5254
1003 5254
1004 5254
1005 5254
1006 5254
1007 5254
1008 5254
1009 5254
1010 5254
1011 5254
1012 5254
1013 5254
1014 5254
1015 5254
1016 5254
1017 5254
1018 5254
1019 5254
1020 5254
1021 5254
1022 5254
1023 5254
1024 5254
1025 5254
1026 5254
1027 5254
1028 5254
1029 5254
1030 5254
1031 5254
1032 5254
1033 5254
1034 5254
1035 5254
1036 5254
1037 5254
1038 5254
1039 5254
1040 5254
1041 5254
1042 5254
1043 5254
1044 5254
1045 5254
1046 5254
1047 5254
1048 5254
1049 5254
1050 5254
1051 5254
1052 5254
1053 5254
1054 5254
1055 5254
1056 5254
1057 5254
1058 5254
1059 5254
1060 5254
1061 5254
1062 5254
1063 5254
1064 5254
1065 5254
1066 5254
1067 5254
1068 5254
1069 5254
1070 5254
1071 5254
1072 5254
1073 5254
1074 5254
1075 5254
1076 5254
1077 5254
1078 5254
1079 5254
1080 5254
1081 5254
1082 5254
1083 5254
1084 5254
1085 5254
1086 5254
1087 5254
1088 5254
1089 5254
1090 5254
1091 5254
1092 5254
1093 5254
1094 5254
1095 5254
1096 5254
1097 5254
1098 5254
1099 5254
1100 5254
1101 5254
1102 5254
1103 5254
1104 5254
1105 5254
1106 5254
1107 5254
1108 5254
1109 5254
1110 5254
1111 5254
1112 5254
1113 5254
1114 5254
1115 5254
1116 5254
1117 5254
1118 5254
1119 5254
1120 5254
1121 5254
1122 5254
1123 5254
1124 5254
1125 5254
1126 5254
1127 5254
1128 5254
1129 5254
1130 5254
1131 5254
1132 5254
1133 5254
1134 5254
1135 5254
1136 5254
1137 5254
1138 5254
1139 5254
1140 5254
1141 5254
1142 5254
1143 5254
1144 5254
1145 5254
1146 5254
1147 5254
1148 5254
1149 5254
1150 5254
1151 5254
1152 5254
1153 5254
1154 5254
1155 5254
1156 5254
1157 5254
1158 5254
1159 5254
1160 5254
1161 5254
1162 5254
1163 5254
1164 5254
1165 5254
1166 5254
1167 5254
1168 5254
1169 5254
1170 5254
1171 5254
1172 5254
1173 5254
1174 5254
1175 5254
1176 5254
1177 5254
1178 5254
1179 5254
1180 5254
1181 5254
1182 5254
1183 5254
1184 5254
1185 5254
1186 5254
1187 5254
1188 5254
1189 5254
1190 5254
1191 5254
1192 5254
1193 5254
1194 5254
1195 5254
1196 5254
1197 5254
1198 5254
1199 5254
1200 5254
1201 5254
1202 5254
1203 5254
1204 5254
1205 5254
1206 5254
1207 5254
1208 5254
1209 5254
1210 5254
1211 5254
1212 5254
1213 5254
1214 5254
1215 5254
1216 5254
1217 5254
1218 5254
1219 5254
1220 5254
1221 5254
1222 5254
1223 5254
1224 5254
1225 5254
1226 5254
1227 5254
1228 5254
1229 5254
1230 5254
1231 5254
1232 5254
1233 5254
1234 5254
1235 5254
1236 5254
1237 5254
1238 5254
1239 5254
1240 5254
1241 5254
1242 5254
1243 5254
1244 5254
1245 5254
1246 5254
1247 5254
1248 5254
1249 5254
1250 5254
1251 5254
1252 5254
1253 5254
1254 5254
1255 5254
1256 5254
1257 5254
1258 5254
1259 5254
1260 5254
1261 5254
1262 5254
1263 5254
1264 5254
1265 5254
1266 5254
1267 5254
1268 5254
1269 5254
1270 5254
1271 5254
1272 5254
1273 5254
1274 5254
1275 5254
1276 5254
1277 5254
1278 5254
1279 5254
1280 5254
1281 5254
1282 5254
1283 5254
1284 5254
1285 5254
1286 5254
1287 5254
1288 5254
1289 5254
1290 5254
1291 5254
1292 5254
1293 5254
1294 5254
1295 5254
1296 5254
1297 5254
1298 5254
1299 5254
1300 5254
1301 5254
1302 5254
1303 5254
1304 5254
1305 5254
1306 5254
1307 5254
1308 5254
1309 5254
1310 5254
1311 5254
1312 5254
1313 5254
1314 5254
1315 5254
1316 5254
1317 5254
1318 5254
1319 5254
1320 5254
1321 5254
1322 5254
1323 5254
1324 5254
1325 5254
1326 5254
1327 5254
1328 5254
1329 5254
1330 5254
1331 5254
1332 5254
1333 5254
1334 5254
1335 5254
1336 5254
1337 5254
1338 5254
1339 5254
1340 5254
1341 5254
1342 5254
1343 5254
1344 5254
1345 5254
1346 5254
1347 5254
1348 5254
1349 5254
1350 5254
1351 5254
1352 5254
1353 5254
1354 5254
1355 5254
1356 5254
1357 5254
1358 5254
1359 5254
1360 5254
1361 5254
1362 5254
1363 5254
1364 5254
1365 5254
1366 5254
1367 5254
1368 5254
1369 5254
1370 5254
1371 5254
1372 5254
1373 5254
1374 5254
1375 5254
1376 5254
1377 5254
1378 5254
1379 5254
1380 5254
1381 5254
1382 5254
1383 5254
1384 5254
1385 5254
1386 5254
1387 5254
1388 5254
1389 5254
1390 5254
1391 5254
1392 5254
1393 5254
1394 5254
1395 5254
1396 5254
1397 5254
1398 5254
1399 5254
1400 5254
1401 5254
1402 5254
1403 5254
1404 5254
1405 5254
1406 5254
1407 5254
1408 5254
1409 5254
1410 5254
1411 5254
1412 5254
1413 5254
1414 5254
1415 5254
1416 5254
1417 5254
1418 5254
1419 5254
1420 5254
1421 5254
1422 5254
1423 5254
1424 5254
1425 5254
1426 5254
1427 5254
1428 5254
1429 5254
1430 5254
1431 5254
1432 5254
1433 5254
1434 5254
1435 5254
1436 5254
1437 5254
1438 5254
1439 5254
1440 5254
1441 5254
1442 5254
1443 5254
1444 5254
1445 5254
1446 5254
1447 5254
1448 5254
1449 5254
1450 5254
1451 5254
1452 5254
1453 5254
1454 5254
1455 5254
1456 5254
1457 5254
1458 5254
1459 5254
1460 5254
1461 5254
1462 5254
1463 5254
1464 5254
1465 5254
1466 5254
1467 5254
1468 5254
1469 5254
1470 5254
1471 5254
1472 5254
1473 5254
1474 5254
1475 5254
1476 5254
1477 5254
1478 5254
1479 5254
1480 5254
1481 5254
1482 5254
1483 5254
1484 5254
1485 5254
1486 5254
1487 5254
1488 5254
1489 5254
1490 5254
1491 5254
1492 5254
1493 5254
1494 5254
1495 5254
1496 5254
1497 5254
1498 5254
1499 5254
1500 5254
1501 5254
1502 5254
1503 5254
1504 5254
1505 5254
1506 5254
1507 5254
1508 5254
1509 5254
1510 5254
1511 5254
1512 5254
1513 5254
1514 5254
1515 5254
1516 5254
1517 5254
1518 5254
1519 5254
1520 5254
1521 5254
1522 5254
1523 5254
1524 5254
1525 5254
1526 5254
1527 5254
1528 5254
1529 5254
1530 5254
1531 5254
1532 5254
1533 5254
1534 5254
1535 5254
1536 5254
1537 5254
1538 5254
1539 5254
1540 5254
1541 5254
1542 5254
1543 5254
1544 5254
1545 5254
1546 5254
1547 5254
1548 5254
1549 5254
1550 5254
1551 5254
1552 5254
1553 5254
1554 5254
1555 5254
1556 5254
1557 5254
1558 5254
1559 5254
1560 5254
1561 5254
1562 5254
1563 5254
1564 5254
1565 5254
1566 5254
1567 5254
1568 5254
1569 5254
1570 5254
1571 5254
1572 5254
1573 5254
1574 5254
1575 5254
1576 5254
1577 5254
1578 5254
1579 5254
1580 5254
1581 5254
1582 5254
1583 5254
1584 5254
1585 5254
1586 5254
1587 5254
1588 5254
1589 5254
1590 5254
1591 5254
1592 5254
1593 5254
1594 5254
1595 5254
1596 5254
1597 5254
1598 5254
1599 5254
1600 5254
1601 5254
1602 5254
1603 5254
1604 5254
1605 5254
1606 5254
1607 5254
1608 5254
1609 5254
1610 5254
1611 5254
1612 5254
1613 5254
1614 5254
1615 5254
1616 5254
1617 5254
1618 5254
1619 5254
1620 5254
1621 5254
1622 5254
1623 5254
1624 5254
1625 5254
1626 5254
1627 5254
1628 5254
1629 5254
1630 5254
1631 5254
1632 5254
1633 5254
1634 5254
1635 5254
1636 5254
1637 5254
1638 5254
1639 5254
1640 5254
1641 5254
1642 5254
1643 5254
1644 5254
1645 5254
1646 5254
1647 5254
1648 5254
1649 5254
1650 5254
1651 5254
1652 5254
1653 5254
1654 5254
1655 5254
1656 5254
1657 5254
1658 5254
1659 5254
1660 5254
1661 5254
1662 5254
1663 5254
1664 5254
1665 5254
1666 5254
1667 5254
1668 5254
1669 5254
1670 5254
1671 5254
1672 5254
1673 5254
1674 5254
1675 5254
1676 5254
1677 5254
1678 5254
1679 5254
1680 5254
1681 5254
1682 5254
1683 5254
1684 5254
1685 5254
1686 5254
1687 5254
1688 5254
1689 5254
1690 5254
1691 5254
1692 5254
1693 5254
1694 5254
1695 5254
1696 5254
1697 5254
1698 5254
1699 5254
1700 5254
1701 5254
1702 5254
1703 5254
1704 5254
1705 5254
1706 5254
1707 5254
1708 5254
1709 5254
1710 5254
1711 5254
1712 5254
1713 5254
1714 5254
1715 5254
1716 5254
1717 5254
1718 5254
1719 5254
1720 5254
1721 5254
1722 5254
1723 5254
1724 5254
1725 5254
1726 5254
1727 5254
1728 5254
1729 5254
1730 5254
1731 5254
1732 5254
1733 5254
1734 5254
1735 5254
1736 5254
1737 5254
1738 5254
1739 5254
1740 5254
1741 5254
1742 5254
1743 5254
1744 5254
1745 5254
1746 5254
1747 5254
1748 5254
1749 5254
1750 5254
1751 5254
1752 5254
1753 5254
1754 5254
1755 5254
1756 5254
1757 5254
1758 5254
1759 5254
1760 5254
1761 5254
1762 5254
1763 5254
1764 5254
1765 5254
1766 5254
1767 5254
1768 5254
1769 5254
1770 5254
1771 5254
1772 5254
1773 5254
1774 5254
1775 5254
1776 5254
1777 5254
1778 5254
1779 5254
1780 5254
1781 5254
1782 5254
1783 5254
1784 5254
1785 5254
1786 5254
1787 5254
1788 5254
1789 5254
1790 5254
1791 5254
1792 5254
1793 5254
1794 5254
1795 5254
1796 5254
1797 5254
1798 5254
1799 5254
1800 5254
1801 5254
1802 5254
1803 5254
1804 5254
1805 5254
1806 5254
1807 5254
1808 5254
1809 5254
1810 5254
1811 5254
1812 5254
1813 5254
1814 5254
1815 5254
1816 5254
1817 5254
1818 5254
1819 5254
1820 5254
1821 5254
1822 5254
1823 5254
1824 5254
1825 5254
1826 5254
1827 5254
1828 5254
1829 5254
1830 5254
1831 5254
1832 5254
1833 5254
1834 5254
1835 5254
1836 5254
1837 5254
1838 5254
1839 5254
1840 5254
1841 5254
1842 5254
1843 5254
1844 5254
1845 5254
1846 5254
1847 5254
1848 5254
1849 5254
1850 5254
1851 5254
1852 5254
1853 5254
1854 5254
1855 5254
1856 5254
1857 5254
1858 5254
1859 5254
1860 5254
1861 5254
1862 5254
1863 5254
1864 5254
1865 5254
1866 5254
1867 5254
1868 5254
1869 5254
1870 5254
1871 5254
1872 5254
1873 5254
1874 5254
1875 5254
1876 5254
1877 5254
1878 5254
1879 5254
1880 5254
1881 5254
1882 5254
1883 5254
1884 5254
1885 5254
1886 5254
1887 5254
1888 5254
1889 5254
1890 5254
1891 5254
1892 5254
1893 5254
1894 5254
1895 5254
1896 5254
1897 5254
1898 5254
1899 5254
1900 5254
1901 5254
1902 5254
1903 5254
1904 5254
1905 5254
1906 5254
1907 5254
1908 5254
1909 5254
1910 5254
1911 5254
1912 5254
1913 5254
1914 5254
1915 5254
1916 5254
1917 5254
1918 5254
1919 5254
1920 5254
1921 5254
1922 5254
1923 5254
1924 5254
1925 5254
1926 5254
1927 5254
1928 5254
1929 5254
1930 5254
1931 5254
1932 5254
1933 5254
1934 5254
1935 5254
1936 5254
1937 5254
1938 5254
1939 5254
1940 5254
1941 5254
1942 5254
1943 5254
1944 5254
1945 5254
1946 5254
1947 5254
1948 5254
1949 5254
1950 5254
1951 5254
1952 5254
1953 5254
1954 5254
1955 5254
1956 5254
1957 5254
1958 5254
1959 5254
1960 5254
1961 5254
1962 5254
1963 5254
1964 5254
1965 5254
1966 5254
1967 5254
1968 5254
1969 5254
1970 5254
1971 5254
1972 5254
1973 5254
1974 5254
1975 5254
1976 5254
1977 5254
1978 5254
1979 5254
1980 5254
1981 5254
1982 5254
1983 5254
1984 5254
1985 5254
1986 5254
1987 5254
1988 5254
1989 5254
1990 5254
1991 5254
1992 5254
1993 5254
1994 5254
1995 5254
1996 5254
1997 5254
1998 5254
1999 5254
