0 6448
1 6448
2 6448
3 6448
4 6448
5 6448
6 6448
7 6448
8 6448
9 6448
10 6448
11 6448
12 6448
13 6448
14 6448
15 6448
16 6448
17 6448
18 6448
19 6448
20 6448
21 6448
22 6448
23 6448
24 6448
25 6448
26 6448
27 6448
28 6448
29 6448
30 6448
31 6448
32 6448
33 6448
34 6448
35 6448
36 6448
37 6448
38 6448
39 6448
40 6448
41 6448
42 6448
43 6448
44 6448
45 6448
46 6448
47 6448
48 6448
49 6448
50 6448
51 6448
52 6448
53 6448
54 6448
55 6448
56 6448
57 6448
58 6448
59 6448
60 6448
61 6448
62 6448
63 6448
64 6448
65 6448
66 6448
67 6448
68 6448
69 6448
70 6448
71 6448
72 6448
73 6448
74 6448
75 6448
76 6448
77 6448
78 6448
79 6448
80 6448
81 6448
82 6448
83 6448
84 6448
85 6448
86 6448
87 6448
88 6448
89 6448
90 6448
91 6448
92 6448
93 6448
94 6448
95 6448
96 6448
97 6448
98 6448
99 6448
100 6448
101 6448
102 6448
103 6448
104 6448
105 6448
106 6448
107 6448
108 6448
109 6448
110 6448
111 6448
112 6448
113 6448
114 6448
115 6448
116 6448
117 6448
118 6448
119 6448
120 6448
121 6448
122 6448
123 6448
124 6448
125 6448
126 6448
127 6448
128 6448
129 6448
130 6448
131 6448
132 6448
133 6448
134 6448
135 6448
136 6448
137 6448
138 6448
139 6448
140 6448
141 6448
142 6448
143 6448
144 6448
145 6448
146 6448
147 6448
148 6448
149 6448
150 6448
151 6448
152 6448
153 6448
154 6448
155 6448
156 6448
157 6448
158 6448
159 6448
160 6448
161 6448
162 6448
163 6448
164 6448
165 6448
166 6448
167 6448
168 6448
169 6448
170 6448
171 6448
172 6448
173 6448
174 6448
175 6448
176 6448
177 6448
178 6448
179 6448
180 6448
181 6448
182 6448
183 6448
184 6448
185 6448
186 6448
187 6448
188 6448
189 6448
190 6448
191 6448
192 6448
193 6448
194 6448
195 6448
196 6448
197 6448
198 6448
199 6448
200 6448
201 6448
202 6448
203 6448
204 6448
205 6448
206 6448
207 6448
208 6448
209 6448
210 6448
211 6448
212 6448
213 6448
214 6448
215 6448
216 6448
217 6448
218 6448
219 6448
220 6448
221 6448
222 6448
223 6448
224 6448
225 6448
226 6448
227 6448
228 6448
229 6448
230 6448
231 6448
232 6448
233 6448
234 6448
235 6448
236 6448
237 6448
238 6448
239 6448
240 6448
241 6448
242 6448
243 6448
244 6448
245 6448
246 6448
247 6448
248 6448
249 6448
250 6448
251 6448
252 6448
253 6448
254 6448
255 6448
256 6448
257 6448
258 6448
259 6448
260 6448
261 6448
262 6448
263 6448
264 6448
265 6448
266 6448
267 6448
268 6448
269 6448
270 6448
271 6448
272 6448
273 6448
274 6448
275 6448
276 6448
277 6448
278 6448
279 6448
280 6448
281 6448
282 6448
283 6448
284 6448
285 6448
286 6448
287 6448
288 6448
289 6448
290 6448
291 6448
292 6448
293 6448
294 6448
295 6448
296 6448
297 6448
298 6448
299 6448
300 6448
301 6448
302 6448
303 6448
304 6448
305 6448
306 6448
307 6448
308 6448
309 6448
310 6448
311 6448
312 6448
313 6448
314 6448
315 6448
316 6448
317 6448
318 6448
319 6448
320 6448
321 6448
322 6448
323 6448
324 6448
325 6448
326 6448
327 6448
328 6448
329 6448
330 6448
331 6448
332 6448
333 6448
334 6448
335 6448
336 6448
337 6448
338 6448
339 6448
340 6448
341 6448
342 6448
343 6448
344 6448
345 6448
346 6448
347 6448
348 6448
349 6448
350 6448
351 6448
352 6448
353 6448
354 6448
355 6448
356 6448
357 6448
358 6448
359 6448
360 6448
361 6448
362 6448
363 6448
364 6448
365 6448
366 6448
367 6448
368 6448
369 6448
370 6448
371 6448
372 6448
373 6448
374 6448
375 6448
376 6448
377 6448
378 6448
379 6448
380 6448
381 6448
382 6448
383 6448
384 6448
385 6448
386 6448
387 6448
388 6448
389 6448
390 6448
391 6448
392 6448
393 6448
394 6448
395 6448
396 6448
397 6448
398 6448
399 6448
400 6448
401 6448
402 6448
403 6448
404 6448
405 6448
406 6448
407 6448
408 6448
409 6448
410 6448
411 6448
412 6448
413 6448
414 6448
415 6448
416 6448
417 6448
418 6448
419 6448
420 6448
421 6448
422 6448
423 6448
424 6448
425 6448
426 6448
427 6448
428 6448
429 6448
430 6448
431 6448
432 6448
433 6448
434 6448
435 6448
436 6448
437 6448
438 6448
439 6448
440 6448
441 6448
442 6448
443 6448
444 6448
445 6448
446 6448
447 6448
448 6448
449 6448
450 6448
451 6448
452 6448
453 6448
454 6448
455 6448
456 6448
457 6448
458 6448
459 6448
460 6448
461 6448
462 6448
463 6448
464 6448
465 6448
466 6448
467 6448
468 6448
469 6448
470 6448
471 6448
472 6448
473 6448
474 6448
475 6448
476 6448
477 6448
478 6448
479 6448
480 6448
481 6448
482 6448
483 6448
484 6448
485 6448
486 6448
487 6448
488 6448
489 6448
490 6448
491 6448
492 6448
493 6448
494 6448
495 6448
496 6448
497 6448
498 6448
499 6448
500 6448
501 6448
502 6448
503 6448
504 6448
505 6448
506 6448
507 6448
508 6448
509 6448
510 6448
511 6448
512 6448
513 6448
514 6448
515 6448
516 6448
517 6448
518 6448
519 6448
520 6448
521 6448
522 6448
523 6448
524 6448
525 6448
526 6448
527 6448
528 6448
529 6448
530 6448
531 6448
532 6448
533 6448
534 6448
535 6448
536 6448
537 6448
538 6448
539 6448
540 6448
541 6448
542 6448
543 6448
544 6448
545 6448
546 6448
547 6448
548 6448
549 6448
550 6448
551 6448
552 6448
553 6448
554 6448
555 6448
556 6448
557 6448
558 6448
559 6448
560 6448
561 6448
562 6448
563 6448
564 6448
565 6448
566 6448
567 6448
568 6448
569 6448
570 6448
571 6448
572 6448
573 6448
574 6448
575 6448
576 6448
577 6448
578 6448
579 6448
580 6448
581 6448
582 6448
583 6448
584 6448
585 6448
586 6448
587 6448
588 6448
589 6448
590 6448
591 6448
592 6448
593 6448
594 6448
595 6448
596 6448
597 6448
598 6448
599 6448
600 6448
601 6448
602 6448
603 6448
604 6448
605 6448
606 6448
607 6448
608 6448
609 6448
610 6448
611 6448
612 6448
613 6448
614 6448
615 6448
616 6448
617 6448
618 6448
619 6448
620 6448
621 6448
622 6448
623 6448
624 6448
625 6448
626 6448
627 6448
628 6448
629 6448
630 6448
631 6448
632 6448
633 6448
634 6448
635 6448
636 6448
637 6448
638 6448
639 6448
640 6448
641 6448
642 6448
643 6448
644 6448
645 6448
646 6448
647 6448
648 6448
649 6448
650 6448
651 6448
652 6448
653 6448
654 6448
655 6448
656 6448
657 6448
658 6448
659 6448
660 6448
661 6448
662 6448
663 6448
664 6448
665 6448
666 6448
667 6448
668 6448
669 6448
670 6448
671 6448
672 6448
673 6448
674 6448
675 6448
676 6448
677 6448
678 6448
679 6448
680 6448
681 6448
682 6448
683 6448
684 6448
685 6448
686 6448
687 6448
688 6448
689 6448
690 6448
691 6448
692 6448
693 6448
694 6448
695 6448
696 6448
697 6448
698 6448
699 6448
700 6448
701 6448
702 6448
703 6448
704 6448
705 6448
706 6448
707 6448
708 6448
709 6448
710 6448
711 6448
712 6448
713 6448
714 6448
715 6448
716 6448
717 6448
718 6448
719 6448
720 6448
721 6448
722 6448
723 6448
724 6448
725 6448
726 6448
727 6448
728 6448
729 6448
730 6448
731 6448
732 6448
733 6448
734 6448
735 6448
736 6448
737 6448
738 6448
739 6448
740 6448
741 6448
742 6448
743 6448
744 6448
745 6448
746 6448
747 6448
748 6448
749 6448
750 6448
751 6448
752 6448
753 6448
754 6448
755 6448
756 6448
757 6448
758 6448
759 6448
760 6448
761 6448
762 6448
763 6448
764 6448
765 6448
766 6448
767 6448
768 6448
769 6448
770 6448
771 6448
772 6448
773 6448
774 6448
775 6448
776 6448
777 6448
778 6448
779 6448
780 6448
781 6448
782 6448
783 6448
784 6448
785 6448
786 6448
787 6448
788 6448
789 6448
790 6448
791 6448
792 6448
793 6448
794 6448
795 6448
796 6448
797 6448
798 6448
799 6448
800 6448
801 6448
802 6448
803 6448
804 6448
805 6448
806 6448
807 6448
808 6448
809 6448
810 6448
811 6448
812 6448
813 6448
814 6448
815 6448
816 6448
817 6448
818 6448
819 6120
820 6064
821 6064
822 6064
823 5944
824 5408
825 5408
826 5408
827 5408
828 5408
829 5408
830 5408
831 5408
832 5408
833 5408
834 5408
835 5408
836 5408
837 5408
838 5408
839 5408
840 5408
841 5408
842 5408
843 5408
844 5408
845 5408
846 5408
847 5408
848 5408
849 5408
850 5408
851 5408
852 5408
853 5408
854 5408
855 5408
856 5408
857 5408
858 5408
859 5408
860 5408
861 5408
862 5408
863 5408
864 5408
865 5408
866 5408
867 5408
868 5408
869 5408
870 5408
871 5408
872 5408
873 5408
874 5408
875 5408
876 5408
877 5408
878 5408
879 5408
880 5408
881 5408
882 5408
883 5408
884 5408
885 5408
886 5408
887 5408
888 5408
889 5408
890 5408
891 5408
892 5408
893 5408
894 5408
895 5408
896 5408
897 5408
898 5408
899 5408
900 5408
901 5408
902 5408
903 5408
904 5408
905 5408
906 5408
907 5408
908 5408
909 5408
910 5408
911 5408
912 5408
913 5408
914 5408
915 5408
916 5408
917 5408
918 5408
919 5408
920 5408
921 5408
922 5408
923 5408
924 5408
925 5408
926 5408
927 5408
928 5408
929 5408
930 5408
931 5364
932 5364
933 5364
934 5364
935 5364
936 5364
937 5364
938 5364
939 5364
940 5364
941 5364
942 5364
943 5364
944 5364
945 5364
946 5364
947 5364
948 5364
949 5364
950 5364
951 5364
952 5364
953 5364
954 5364
955 5364
956 5364
957 5364
958 5364
959 5364
960 5364
961 5364
962 5364
963 5364
964 5364
965 5364
966 5364
967 5364
968 5364
969 5364
970 5364
971 5364
972 5364
973 5364
974 5364
975 5364
976 5364
977 5364
978 5364
979 5364
980 5364
981 5364
982 5364
983 5364
984 5364
985 5364
986 5364
987 5364
988 5364
989 5364
990 5364
991 5364
992 5364
993 5364
994 5364
995 5364
996 5364
997 5364
998 5364
999 5364
1000 5364
1001 5364
1002 5364
1003 5364
1004 5364
1005 5364
1006 5364
1007 5364
1008 5364
1009 5364
1010 5364
1011 5364
1012 5364
1013 5364
1014 5364
1015 5364
1016 5364
1017 5364
1018 5364
1019 5364
1020 5364
1021 5364
1022 5364
1023 5364
1024 5364
1025 5364
1026 5364
1027 5364
1028 5364
1029 5364
1030 5364
1031 5364
1032 5364
1033 5364
1034 5364
1035 5364
1036 5364
1037 5364
1038 5364
1039 5364
1040 5364
1041 5364
1042 5364
1043 5364
1044 5364
1045 5364
1046 5364
1047 5364
1048 5364
1049 5364
1050 5364
1051 5364
1052 5364
1053 5364
1054 5364
1055 5364
1056 5364
1057 5364
1058 5364
1059 5364
1060 5364
1061 5364
1062 5364
1063 5364
1064 5364
1065 5364
1066 5364
1067 5364
1068 5364
1069 5364
1070 5364
1071 5364
1072 5364
1073 5364
1074 5364
1075 5364
1076 5364
1077 5364
1078 5364
1079 5364
1080 5364
1081 5364
1082 5364
1083 5364
1084 5364
1085 5364
1086 5364
1087 5364
1088 5364
1089 5364
1090 5364
1091 5364
1092 5364
1093 5364
1094 5364
1095 5364
1096 5364
1097 5364
1098 5364
1099 5364
1100 5364
1101 5364
1102 5364
1103 5364
1104 5364
1105 5364
1106 5364
1107 5364
1108 5364
1109 5364
1110 5364
1111 5364
1112 5364
1113 5364
1114 5364
1115 5364
1116 5364
1117 5364
1118 5364
1119 5364
1120 5364
1121 5364
1122 5364
1123 5364
1124 5364
1125 5364
1126 5364
1127 5364
1128 5364
1129 5364
1130 5364
1131 5364
1132 5364
1133 5364
1134 5364
1135 5364
1136 5364
1137 5364
1138 5364
1139 5364
1140 5364
1141 5364
1142 5364
1143 5364
1144 5364
1145 5364
1146 5364
1147 5364
1148 5364
1149 5364
1150 5364
1151 5364
1152 5364
1153 5364
1154 5364
1155 5364
1156 5364
1157 5364
1158 5364
1159 5364
1160 5364
1161 5364
1162 5364
1163 5364
1164 5364
1165 5364
1166 5364
1167 5364
1168 5364
1169 5364
1170 5364
1171 5364
1172 5364
1173 5364
1174 5364
1175 5364
1176 5364
1177 5364
1178 5364
1179 5364
1180 5364
1181 5364
1182 5364
1183 5364
1184 5364
1185 5364
1186 5364
1187 5364
1188 5364
1189 5364
1190 5364
1191 5364
1192 5364
1193 5364
1194 5364
1195 5364
1196 5364
1197 5364
1198 5364
1199 5364
1200 5364
1201 5364
1202 5364
1203 5364
1204 5364
1205 5364
1206 5364
1207 5364
1208 5364
1209 5364
1210 5364
1211 5364
1212 5364
1213 5364
1214 5364
1215 5364
1216 5364
1217 5364
1218 5364
1219 5364
1220 5364
1221 5364
1222 5364
1223 5364
1224 5364
1225 5364
1226 5364
1227 5364
1228 5364
1229 5364
1230 5364
1231 5364
1232 5364
1233 5364
1234 5364
1235 5364
1236 5364
1237 5364
1238 5364
1239 5364
1240 5364
1241 5364
1242 5364
1243 5364
1244 5364
1245 5364
1246 5364
1247 5364
1248 5364
1249 5364
1250 5364
1251 5364
1252 5364
1253 5364
1254 5364
1255 5364
1256 5364
1257 5364
1258 5364
1259 5364
1260 5364
1261 5364
1262 5364
1263 5364
1264 5364
1265 5364
1266 5364
1267 5364
1268 5364
1269 5364
1270 5364
1271 5364
1272 5364
1273 5364
1274 5364
1275 5364
1276 5364
1277 5364
1278 5364
1279 5364
1280 5364
1281 5364
1282 5364
1283 5364
1284 5364
1285 5364
1286 5364
1287 5364
1288 5364
1289 5364
1290 5364
1291 5364
1292 5364
1293 5364
1294 5364
1295 5364
1296 5364
1297 5364
1298 5364
1299 5364
1300 5364
1301 5364
1302 5364
1303 5364
1304 5364
1305 5364
1306 5364
1307 5364
1308 5364
1309 5364
1310 5364
1311 5364
1312 5364
1313 5364
1314 5364
1315 5364
1316 5364
1317 5364
1318 5364
1319 5364
1320 5364
1321 5364
1322 5364
1323 5364
1324 5364
1325 5364
1326 5364
1327 5364
1328 5364
1329 5364
1330 5364
1331 5364
1332 5364
1333 5364
1334 5364
1335 5364
1336 5364
1337 5364
1338 5364
1339 5364
1340 5364
1341 5364
1342 5364
1343 5364
1344 5364
1345 5364
1346 5364
1347 5364
1348 5364
1349 5364
1350 5364
1351 5364
1352 5364
1353 5364
1354 5364
1355 5364
1356 5364
1357 5364
1358 5364
1359 5364
1360 5364
1361 5364
1362 5364
1363 5364
1364 5364
1365 5364
1366 5364
1367 5364
1368 5364
1369 5364
1370 5364
1371 5364
1372 5364
1373 5364
1374 5364
1375 5364
1376 5364
1377 5364
1378 5364
1379 5364
1380 5364
1381 5364
1382 5364
1383 5364
1384 5364
1385 5364
1386 5364
1387 5364
1388 5364
1389 5364
1390 5364
1391 5364
1392 5364
1393 5364
1394 5364
1395 5364
1396 5364
1397 5364
1398 5364
1399 5364
1400 5364
1401 5364
1402 5364
1403 5364
1404 5364
1405 5364
1406 5364
1407 5364
1408 5364
1409 5364
1410 5364
1411 5364
1412 5364
1413 5364
1414 5364
1415 5364
1416 5364
1417 5364
1418 5364
1419 5364
1420 5364
1421 5364
1422 5364
1423 5364
1424 5364
1425 5364
1426 5364
1427 5364
1428 5364
1429 5364
1430 5364
1431 5364
1432 5364
1433 5364
1434 5364
1435 5364
1436 5364
1437 5364
1438 5364
1439 5364
1440 5364
1441 5364
1442 5364
1443 5364
1444 5364
1445 5364
1446 5364
1447 5364
1448 5364
1449 5364
1450 5364
1451 5364
1452 5364
1453 5364
1454 5364
1455 5364
1456 5364
1457 5364
1458 5364
1459 5364
1460 5364
1461 5364
1462 5364
1463 5364
1464 5364
1465 5364
1466 5364
1467 5364
1468 5364
1469 5364
1470 5364
1471 5364
1472 5364
1473 5364
1474 5364
1475 5364
1476 5364
1477 5364
1478 5364
1479 5364
1480 5364
1481 5364
1482 5364
1483 5364
1484 5364
1485 5364
1486 5364
1487 5364
1488 5364
1489 5364
1490 5364
1491 5364
1492 5364
1493 5364
1494 5364
1495 5364
1496 5364
1497 5364
1498 5364
1499 5364
1500 5364
1501 5364
1502 5364
1503 5364
1504 5364
1505 5364
1506 5364
1507 5364
1508 5364
1509 5364
1510 5364
1511 5364
1512 5364
1513 5364
1514 5364
1515 5364
1516 5364
1517 5364
1518 5364
1519 5364
1520 5364
1521 5364
1522 5364
1523 5364
1524 5364
1525 5364
1526 5364
1527 5364
1528 5364
1529 5364
1530 5364
1531 5364
1532 5364
1533 5364
1534 5364
1535 5364
1536 5364
1537 5364
1538 5364
1539 5364
1540 5364
1541 5364
1542 5364
1543 5364
1544 5364
1545 5364
1546 5364
1547 5364
1548 5364
1549 5364
1550 5364
1551 5364
1552 5364
1553 5364
1554 5364
1555 5364
1556 5364
1557 5364
1558 5364
1559 5364
1560 5364
1561 5364
1562 5364
1563 5364
1564 5364
1565 5364
1566 5364
1567 5364
1568 5364
1569 5364
1570 5364
1571 5364
1572 5364
1573 5364
1574 5364
1575 5364
1576 5364
1577 5364
1578 5364
1579 5364
1580 5364
1581 5364
1582 5364
1583 5364
1584 5364
1585 5364
1586 5364
1587 5364
1588 5364
1589 5364
1590 5364
1591 5364
1592 5364
1593 5364
1594 5364
1595 5364
1596 5364
1597 5364
1598 5364
1599 5364
1600 5364
1601 5364
1602 5364
1603 5364
1604 5364
1605 5364
1606 5364
1607 5364
1608 5364
1609 5364
1610 5364
1611 5364
1612 5364
1613 5364
1614 5364
1615 5364
1616 5364
1617 5364
1618 5364
1619 5364
1620 5364
1621 5364
1622 5364
1623 5364
1624 5364
1625 5364
1626 5364
1627 5364
1628 5364
1629 5364
1630 5364
1631 5364
1632 5364
1633 5364
1634 5364
1635 5364
1636 5364
1637 5364
1638 5364
1639 5364
1640 5364
1641 5364
1642 5364
1643 5364
1644 5364
1645 5364
1646 5364
1647 5364
1648 5364
1649 5364
1650 5364
1651 5364
1652 5364
1653 5364
1654 5364
1655 5364
1656 5364
1657 5364
1658 5364
1659 5364
1660 5364
1661 5364
1662 5364
1663 5364
1664 5364
1665 5364
1666 5364
1667 5364
1668 5364
1669 5364
1670 5364
1671 5364
1672 5364
1673 5364
1674 5364
1675 5364
1676 5364
1677 5364
1678 5364
1679 5364
1680 5364
1681 5364
1682 5364
1683 5364
1684 5364
1685 5364
1686 5364
1687 5364
1688 5364
1689 5364
1690 5364
1691 5364
1692 5364
1693 5364
1694 5364
1695 5364
1696 5364
1697 5364
1698 5364
1699 5364
1700 5364
1701 5364
1702 5364
1703 5364
1704 5364
1705 5364
1706 5364
1707 5364
1708 5364
1709 5364
1710 5364
1711 5364
1712 5364
1713 5364
1714 5364
1715 5364
1716 5364
1717 5364
1718 5364
1719 5364
1720 5364
1721 5364
1722 5364
1723 5364
1724 5364
1725 5364
1726 5364
1727 5364
1728 5364
1729 5364
1730 5364
1731 5364
1732 5364
1733 5364
1734 5364
1735 5364
1736 5364
1737 5364
1738 5364
1739 5364
1740 5364
1741 5364
1742 5364
1743 5364
1744 5364
1745 5364
1746 5364
1747 5364
1748 5364
1749 5364
1750 5364
1751 5364
1752 5364
1753 5364
1754 5364
1755 5364
1756 5364
1757 5364
1758 5364
1759 5364
1760 5364
1761 5364
1762 5364
1763 5364
1764 5364
1765 5364
1766 5364
1767 5364
1768 5364
1769 5364
1770 5364
1771 5364
1772 5364
1773 5364
1774 5364
1775 5364
1776 5364
1777 5364
1778 5364
1779 5364
1780 5364
1781 5364
1782 5364
1783 5364
1784 5364
1785 5364
1786 5364
1787 5364
1788 5364
1789 5364
1790 5364
1791 5364
1792 5364
1793 5364
1794 5364
1795 5364
1796 5364
1797 5364
1798 5364
1799 5364
1800 5364
1801 5364
1802 5364
1803 5364
1804 5364
1805 5364
1806 5364
1807 5364
1808 5364
1809 5364
1810 5364
1811 5364
1812 5364
1813 5364
1814 5364
1815 5364
1816 5364
1817 5364
1818 5364
1819 5364
1820 5364
1821 5364
1822 5364
1823 5364
1824 5364
1825 5364
1826 5364
1827 5364
1828 5364
1829 5364
1830 5364
1831 5364
1832 5364
1833 5364
1834 5364
1835 5364
1836 5364
1837 5364
1838 5364
1839 5364
1840 5364
1841 5364
1842 5364
1843 5364
1844 5364
1845 5364
1846 5364
1847 5364
1848 5364
1849 5364
1850 5364
1851 5364
1852 5364
1853 5364
1854 5364
1855 5364
1856 5364
1857 5364
1858 5364
1859 5364
1860 5364
1861 5364
1862 5364
1863 5364
1864 5364
1865 5364
1866 5364
1867 5364
1868 5364
1869 5364
1870 5364
1871 5364
1872 5364
1873 5364
1874 5364
1875 5364
1876 5364
1877 5364
1878 5364
1879 5364
1880 5364
1881 5364
1882 5364
1883 5364
1884 5364
1885 5364
1886 5364
1887 5364
1888 5364
1889 5364
1890 5364
1891 5364
1892 5364
1893 5364
1894 5364
1895 5364
1896 5364
1897 5364
1898 5364
1899 5364
1900 5364
1901 5364
1902 5364
1903 5364
1904 5364
1905 5364
1906 5364
1907 5364
1908 5364
1909 5364
1910 5364
1911 5364
1912 5364
1913 5364
1914 5364
1915 5364
1916 5364
1917 5364
1918 5364
1919 5364
1920 5364
1921 5364
1922 5364
1923 5364
1924 5364
1925 5364
1926 5364
1927 5364
1928 5364
1929 5364
1930 5364
1931 5364
1932 5364
1933 5364
1934 5364
1935 5364
1936 5364
1937 5364
1938 5364
1939 5364
1940 5364
1941 5364
1942 5364
1943 5364
1944 5364
1945 5364
1946 5364
1947 5364
1948 5364
1949 5364
1950 5364
1951 5364
1952 5364
1953 5364
1954 5364
1955 5364
1956 5364
1957 5364
1958 5364
1959 5364
1960 5364
1961 5364
1962 5364
1963 5364
1964 5364
1965 5364
1966 5364
1967 5364
1968 5364
1969 5364
1970 5364
1971 5364
1972 5364
1973 5364
1974 5364
1975 5364
1976 5364
1977 5364
1978 5364
1979 5364
1980 5364
1981 5364
1982 5364
1983 5364
1984 5364
1985 5364
1986 5364
1987 5364
1988 5364
1989 5364
1990 5364
1991 5364
1992 5364
1993 5364
1994 5364
1995 5364
1996 5364
1997 5364
1998 5364
1999 5364
