0 6008
1 6008
2 6008
3 6008
4 6008
5 6008
6 6008
7 6008
8 6008
9 6008
10 6008
11 6008
12 6008
13 6008
14 6008
15 6008
16 6008
17 6008
18 6008
19 6008
20 6008
21 6008
22 6008
23 6008
24 6008
25 6008
26 6008
27 6008
28 6008
29 6008
30 6008
31 6008
32 6008
33 6008
34 6008
35 6008
36 6008
37 6008
38 6008
39 6008
40 6008
41 6008
42 6008
43 6008
44 6008
45 6008
46 6008
47 6008
48 6008
49 6008
50 6008
51 6008
52 6008
53 6008
54 6008
55 6008
56 6008
57 6008
58 6008
59 6008
60 6008
61 6008
62 6008
63 6008
64 6008
65 6008
66 6008
67 6008
68 6008
69 6008
70 6008
71 6008
72 6008
73 6008
74 6008
75 6008
76 6008
77 6008
78 6008
79 6008
80 6008
81 6008
82 6008
83 6008
84 6008
85 6008
86 6008
87 6008
88 6008
89 6008
90 6008
91 6008
92 6008
93 6008
94 6008
95 6008
96 6008
97 6008
98 6008
99 6008
100 6008
101 6008
102 6008
103 6008
104 6008
105 6008
106 6008
107 6008
108 6008
109 6008
110 6008
111 6008
112 6008
113 6008
114 6008
115 6008
116 6008
117 6008
118 6008
119 6008
120 6008
121 6008
122 6008
123 6008
124 6008
125 6008
126 6008
127 6008
128 6008
129 6008
130 6008
131 6008
132 6008
133 6008
134 6008
135 6008
136 6008
137 6008
138 6008
139 6008
140 6008
141 6008
142 6008
143 6008
144 6008
145 6008
146 6008
147 6008
148 6008
149 6008
150 6008
151 6008
152 6008
153 6008
154 6008
155 6008
156 6008
157 6008
158 6008
159 6008
160 6008
161 6008
162 6008
163 6008
164 6008
165 6008
166 6008
167 6008
168 6008
169 6008
170 6008
171 6008
172 6008
173 6008
174 6008
175 6008
176 6008
177 6008
178 6008
179 6008
180 6008
181 6008
182 6008
183 6008
184 6008
185 6008
186 6008
187 6008
188 6008
189 6008
190 6008
191 6008
192 6008
193 6008
194 6008
195 6008
196 6008
197 6008
198 6008
199 6008
200 6008
201 6008
202 6008
203 6008
204 6008
205 6008
206 6008
207 6008
208 6008
209 6008
210 6008
211 6008
212 6008
213 6008
214 6008
215 6008
216 6008
217 6008
218 6008
219 6008
220 6008
221 6008
222 6008
223 6008
224 6008
225 6008
226 6008
227 6008
228 6008
229 6008
230 6008
231 6008
232 6008
233 6008
234 6008
235 6008
236 6008
237 6008
238 6008
239 6008
240 6008
241 6008
242 6008
243 6008
244 6008
245 6008
246 6008
247 6008
248 6008
249 6008
250 6008
251 6008
252 6008
253 6008
254 6008
255 6008
256 6008
257 6008
258 6008
259 6008
260 6008
261 6008
262 6008
263 6008
264 6008
265 6008
266 6008
267 6008
268 6008
269 6008
270 6008
271 6008
272 6008
273 6008
274 6008
275 6008
276 6008
277 6008
278 6008
279 6008
280 6008
281 6008
282 6008
283 6008
284 6008
285 6008
286 6008
287 6008
288 6008
289 6008
290 6008
291 6008
292 6008
293 6008
294 6008
295 6008
296 6008
297 6008
298 6008
299 6008
300 6008
301 6008
302 6008
303 6008
304 6008
305 6008
306 6008
307 6008
308 6008
309 6008
310 6008
311 6008
312 6008
313 6008
314 6008
315 6008
316 6008
317 6008
318 6008
319 6008
320 6008
321 6008
322 6008
323 6008
324 6008
325 6008
326 5570
327 5570
328 5570
329 5570
330 5570
331 5570
332 5570
333 5570
334 5570
335 5570
336 5570
337 5570
338 5570
339 5570
340 5570
341 5570
342 5570
343 5570
344 5470
345 5470
346 5470
347 5470
348 5470
349 5470
350 5470
351 5470
352 5470
353 5470
354 5470
355 5470
356 5320
357 5320
358 5320
359 5320
360 5320
361 5320
362 5320
363 5320
364 5320
365 5320
366 5320
367 5320
368 5320
369 5320
370 5320
371 5320
372 5320
373 5320
374 5320
375 5320
376 5320
377 5320
378 5320
379 5320
380 5320
381 5320
382 5320
383 5320
384 5320
385 5320
386 5320
387 5320
388 5320
389 5320
390 5320
391 5320
392 5320
393 5320
394 5320
395 5320
396 5320
397 5320
398 5320
399 5320
400 5320
401 5320
402 5320
403 5320
404 5320
405 5320
406 5320
407 5320
408 5320
409 5320
410 5320
411 5320
412 5320
413 5320
414 5320
415 5320
416 5320
417 5320
418 5320
419 5320
420 5320
421 5320
422 5320
423 5320
424 5320
425 5320
426 5320
427 5320
428 5320
429 5320
430 5320
431 5320
432 5320
433 5320
434 5320
435 5320
436 5320
437 5320
438 5320
439 5320
440 5320
441 5320
442 5320
443 5320
444 5320
445 5320
446 5320
447 5320
448 5320
449 5320
450 5320
451 5320
452 5320
453 5320
454 5320
455 5320
456 5320
457 5320
458 5320
459 5320
460 5320
461 5320
462 5320
463 5320
464 5320
465 5320
466 5320
467 5320
468 5320
469 5320
470 5320
471 5320
472 5320
473 5320
474 5320
475 5320
476 5320
477 5320
478 5320
479 5320
480 5320
481 5320
482 5320
483 5320
484 5320
485 5320
486 5320
487 5320
488 5320
489 5320
490 5320
491 5320
492 5320
493 5320
494 5320
495 5320
496 5320
497 5320
498 5320
499 5320
500 5320
501 5320
502 5320
503 5320
504 5320
505 5320
506 5320
507 5320
508 5320
509 5320
510 5320
511 5320
512 5320
513 5320
514 5320
515 5320
516 5320
517 5320
518 5320
519 5320
520 5320
521 5320
522 5320
523 5320
524 5320
525 5320
526 5320
527 5320
528 5320
529 5320
530 5320
531 5320
532 5320
533 5320
534 5320
535 5320
536 5320
537 5320
538 5320
539 5320
540 5320
541 5320
542 5320
543 5320
544 5320
545 5320
546 5320
547 5320
548 5320
549 5320
550 5320
551 5320
552 5320
553 5320
554 5320
555 5320
556 5320
557 5320
558 5320
559 5320
560 5320
561 5320
562 5320
563 5320
564 5320
565 5320
566 5320
567 5320
568 5320
569 5320
570 5320
571 5320
572 5320
573 5320
574 5320
575 5320
576 5320
577 5320
578 5320
579 5320
580 5320
581 5320
582 5320
583 5320
584 5320
585 5320
586 5320
587 5320
588 5320
589 5320
590 5320
591 5320
592 5320
593 5320
594 5320
595 5320
596 5320
597 5320
598 5320
599 5320
600 5320
601 5320
602 5320
603 5320
604 5320
605 5320
606 5320
607 5320
608 5320
609 5320
610 5320
611 5320
612 5320
613 5320
614 5320
615 5320
616 5320
617 5320
618 5320
619 5320
620 5320
621 5320
622 5320
623 5320
624 5320
625 5320
626 5320
627 5320
628 5320
629 5320
630 5320
631 5320
632 5320
633 5320
634 5320
635 5320
636 5320
637 5320
638 5320
639 5320
640 5320
641 5320
642 5320
643 5320
644 5320
645 5320
646 5320
647 5320
648 5320
649 5320
650 5320
651 5320
652 5320
653 5320
654 5320
655 5320
656 5320
657 5320
658 5320
659 5320
660 5320
661 5320
662 5320
663 5320
664 5320
665 5320
666 5320
667 5320
668 5320
669 5320
670 5320
671 5320
672 5320
673 5320
674 5320
675 5320
676 5320
677 5320
678 5320
679 5320
680 5320
681 5320
682 5320
683 5320
684 5320
685 5320
686 5320
687 5320
688 5320
689 5320
690 5320
691 5320
692 5320
693 5320
694 5320
695 5320
696 5320
697 5320
698 5320
699 5320
700 5320
701 5320
702 5320
703 5320
704 5320
705 5320
706 5320
707 5320
708 5320
709 5320
710 5320
711 5320
712 5320
713 5320
714 5320
715 5320
716 5320
717 5320
718 5320
719 5320
720 5320
721 5320
722 5320
723 5320
724 5320
725 5320
726 5320
727 5320
728 5320
729 5320
730 5320
731 5320
732 5320
733 5320
734 5320
735 5320
736 5320
737 5320
738 5320
739 5320
740 5320
741 5320
742 5320
743 5320
744 5320
745 5320
746 5320
747 5320
748 5320
749 5320
750 5320
751 5320
752 5320
753 5320
754 5320
755 5320
756 5320
757 5320
758 5320
759 5320
760 5320
761 5320
762 5320
763 5320
764 5320
765 5320
766 5320
767 5320
768 5320
769 5320
770 5320
771 5320
772 5320
773 5320
774 5320
775 5320
776 5320
777 5320
778 5320
779 5320
780 5320
781 5320
782 5320
783 5320
784 5320
785 5320
786 5320
787 5320
788 5320
789 5320
790 5320
791 5320
792 5320
793 5320
794 5320
795 5320
796 5320
797 5320
798 5320
799 5320
800 5320
801 5320
802 5320
803 5320
804 5320
805 5320
806 5320
807 5320
808 5320
809 5320
810 5320
811 5320
812 5320
813 5320
814 5320
815 5320
816 5320
817 5320
818 5320
819 5320
820 5320
821 5320
822 5320
823 5320
824 5320
825 5320
826 5320
827 5320
828 5320
829 5320
830 5320
831 5320
832 5320
833 5320
834 5320
835 5320
836 5320
837 5320
838 5320
839 5320
840 5320
841 5320
842 5320
843 5320
844 5320
845 5320
846 5320
847 5320
848 5320
849 5320
850 5320
851 5320
852 5320
853 5320
854 5320
855 5320
856 5320
857 5320
858 5320
859 5320
860 5320
861 5320
862 5320
863 5320
864 5320
865 5320
866 5320
867 5320
868 5320
869 5320
870 5320
871 5320
872 5320
873 5320
874 5320
875 5320
876 5320
877 5320
878 5320
879 5320
880 5320
881 5320
882 5320
883 5320
884 5320
885 5320
886 5320
887 5320
888 5320
889 5320
890 5320
891 5320
892 5320
893 5320
894 5320
895 5320
896 5320
897 5320
898 5320
899 5320
900 5320
901 5320
902 5320
903 5320
904 5320
905 5320
906 5320
907 5320
908 5320
909 5320
910 5320
911 5320
912 5320
913 5320
914 5320
915 5320
916 5320
917 5320
918 5320
919 5320
920 5320
921 5320
922 5320
923 5320
924 5320
925 5320
926 5320
927 5320
928 5320
929 5320
930 5320
931 5320
932 5320
933 5320
934 5320
935 5320
936 5320
937 5320
938 5320
939 5320
940 5320
941 5320
942 5320
943 5320
944 5320
945 5320
946 5320
947 5320
948 5320
949 5320
950 5320
951 5320
952 5320
953 5320
954 5320
955 5320
956 5320
957 5320
958 5320
959 5320
960 5320
961 5320
962 5320
963 5320
964 5320
965 5320
966 5320
967 5320
968 5320
969 5320
970 5320
971 5320
972 5320
973 5320
974 5320
975 5320
976 5320
977 5320
978 5320
979 5320
980 5320
981 5320
982 5320
983 5320
984 5320
985 5320
986 5320
987 5320
988 5320
989 5320
990 5320
991 5320
992 5320
993 5320
994 5320
995 5320
996 5320
997 5320
998 5320
999 5320
1000 5320
1001 5320
1002 5320
1003 5320
1004 5320
1005 5320
1006 5320
1007 5320
1008 5320
1009 5320
1010 5320
1011 5320
1012 5320
1013 5320
1014 5320
1015 5320
1016 5320
1017 5320
1018 5320
1019 5320
1020 5320
1021 5320
1022 5320
1023 5320
1024 5320
1025 5320
1026 5320
1027 5320
1028 5320
1029 5320
1030 5320
1031 5320
1032 5320
1033 5320
1034 5320
1035 5320
1036 5320
1037 5320
1038 5320
1039 5320
1040 5320
1041 5320
1042 5320
1043 5320
1044 5320
1045 5320
1046 5320
1047 5320
1048 5320
1049 5320
1050 5320
1051 5320
1052 5320
1053 5320
1054 5320
1055 5320
1056 5320
1057 5320
1058 5320
1059 5320
1060 5320
1061 5320
1062 5320
1063 5320
1064 5320
1065 5320
1066 5320
1067 5320
1068 5320
1069 5320
1070 5320
1071 5320
1072 5320
1073 5320
1074 5320
1075 5320
1076 5320
1077 5320
1078 5320
1079 5320
1080 5320
1081 5320
1082 5320
1083 5320
1084 5320
1085 5320
1086 5320
1087 5320
1088 5320
1089 5320
1090 5320
1091 5320
1092 5320
1093 5320
1094 5320
1095 5320
1096 5320
1097 5320
1098 5320
1099 5320
1100 5320
1101 5320
1102 5320
1103 5320
1104 5320
1105 5320
1106 5320
1107 5320
1108 5320
1109 5320
1110 5320
1111 5320
1112 5320
1113 5320
1114 5320
1115 5320
1116 5320
1117 5320
1118 5320
1119 5320
1120 5320
1121 5320
1122 5320
1123 5320
1124 5320
1125 5320
1126 5320
1127 5320
1128 5320
1129 5320
1130 5320
1131 5320
1132 5320
1133 5320
1134 5320
1135 5320
1136 5320
1137 5320
1138 5320
1139 5320
1140 5320
1141 5320
1142 5320
1143 5320
1144 5320
1145 5320
1146 5320
1147 5320
1148 5320
1149 5320
1150 5320
1151 5320
1152 5320
1153 5320
1154 5320
1155 5320
1156 5320
1157 5320
1158 5320
1159 5320
1160 5320
1161 5320
1162 5320
1163 5320
1164 5320
1165 5320
1166 5320
1167 5320
1168 5320
1169 5320
1170 5320
1171 5320
1172 5320
1173 5320
1174 5320
1175 5320
1176 5320
1177 5320
1178 5320
1179 5320
1180 5320
1181 5320
1182 5320
1183 5320
1184 5320
1185 5320
1186 5320
1187 5320
1188 5320
1189 5320
1190 5320
1191 5320
1192 5320
1193 5320
1194 5320
1195 5320
1196 5320
1197 5320
1198 5320
1199 5320
1200 5320
1201 5320
1202 5320
1203 5320
1204 5320
1205 5320
1206 5320
1207 5320
1208 5320
1209 5320
1210 5320
1211 5320
1212 5320
1213 5320
1214 5320
1215 5320
1216 5320
1217 5320
1218 5320
1219 5320
1220 5320
1221 5320
1222 5320
1223 5320
1224 5320
1225 5320
1226 5320
1227 5320
1228 5320
1229 5320
1230 5320
1231 5320
1232 5320
1233 5320
1234 5320
1235 5320
1236 5320
1237 5320
1238 5320
1239 5320
1240 5320
1241 5320
1242 5320
1243 5320
1244 5320
1245 5320
1246 5320
1247 5320
1248 5320
1249 5320
1250 5320
1251 5320
1252 5320
1253 5320
1254 5320
1255 5320
1256 5320
1257 5320
1258 5320
1259 5320
1260 5320
1261 5320
1262 5320
1263 5320
1264 5320
1265 5320
1266 5320
1267 5320
1268 5320
1269 5320
1270 5320
1271 5320
1272 5320
1273 5320
1274 5320
1275 5320
1276 5320
1277 5320
1278 5320
1279 5320
1280 5320
1281 5320
1282 5320
1283 5320
1284 5320
1285 5320
1286 5320
1287 5320
1288 5320
1289 5320
1290 5320
1291 5320
1292 5320
1293 5320
1294 5320
1295 5320
1296 5320
1297 5320
1298 5320
1299 5320
1300 5320
1301 5320
1302 5320
1303 5320
1304 5320
1305 5320
1306 5320
1307 5320
1308 5320
1309 5320
1310 5320
1311 5320
1312 5320
1313 5320
1314 5320
1315 5320
1316 5320
1317 5320
1318 5320
1319 5320
1320 5320
1321 5320
1322 5320
1323 5320
1324 5320
1325 5320
1326 5320
1327 5320
1328 5320
1329 5320
1330 5320
1331 5320
1332 5320
1333 5320
1334 5320
1335 5320
1336 5320
1337 5320
1338 5320
1339 5320
1340 5320
1341 5320
1342 5320
1343 5320
1344 5320
1345 5320
1346 5320
1347 5320
1348 5320
1349 5320
1350 5320
1351 5320
1352 5320
1353 5320
1354 5320
1355 5320
1356 5320
1357 5320
1358 5320
1359 5320
1360 5320
1361 5320
1362 5320
1363 5320
1364 5320
1365 5320
1366 5320
1367 5320
1368 5320
1369 5320
1370 5320
1371 5320
1372 5320
1373 5320
1374 5320
1375 5320
1376 5320
1377 5320
1378 5320
1379 5320
1380 5320
1381 5320
1382 5320
1383 5320
1384 5320
1385 5320
1386 5320
1387 5320
1388 5320
1389 5320
1390 5320
1391 5320
1392 5320
1393 5320
1394 5320
1395 5320
1396 5320
1397 5320
1398 5320
1399 5320
1400 5320
1401 5320
1402 5320
1403 5320
1404 5320
1405 5320
1406 5320
1407 5320
1408 5320
1409 5320
1410 5320
1411 5320
1412 5320
1413 5320
1414 5320
1415 5320
1416 5320
1417 5320
1418 5320
1419 5320
1420 5320
1421 5320
1422 5320
1423 5320
1424 5320
1425 5320
1426 5320
1427 5320
1428 5320
1429 5320
1430 5320
1431 5320
1432 5320
1433 5320
1434 5320
1435 5320
1436 5320
1437 5320
1438 5320
1439 5320
1440 5320
1441 5320
1442 5320
1443 5320
1444 5320
1445 5320
1446 5320
1447 5320
1448 5320
1449 5320
1450 5320
1451 5320
1452 5320
1453 5320
1454 5320
1455 5320
1456 5320
1457 5320
1458 5320
1459 5320
1460 5320
1461 5320
1462 5320
1463 5320
1464 5320
1465 5320
1466 5320
1467 5320
1468 5320
1469 5320
1470 5320
1471 5320
1472 5320
1473 5320
1474 5320
1475 5320
1476 5320
1477 5320
1478 5320
1479 5320
1480 5320
1481 5320
1482 5320
1483 5320
1484 5320
1485 5320
1486 5320
1487 5320
1488 5320
1489 5320
1490 5320
1491 5320
1492 5320
1493 5320
1494 5320
1495 5320
1496 5320
1497 5320
1498 5320
1499 5320
1500 5320
1501 5320
1502 5320
1503 5320
1504 5320
1505 5320
1506 5320
1507 5320
1508 5320
1509 5320
1510 5320
1511 5320
1512 5320
1513 5320
1514 5320
1515 5320
1516 5320
1517 5320
1518 5320
1519 5320
1520 5320
1521 5320
1522 5320
1523 5320
1524 5320
1525 5320
1526 5320
1527 5320
1528 5320
1529 5320
1530 5320
1531 5320
1532 5320
1533 5320
1534 5320
1535 5320
1536 5320
1537 5320
1538 5320
1539 5320
1540 5320
1541 5320
1542 5320
1543 5320
1544 5320
1545 5320
1546 5320
1547 5320
1548 5320
1549 5320
1550 5320
1551 5320
1552 5320
1553 5320
1554 5320
1555 5320
1556 5320
1557 5320
1558 5320
1559 5320
1560 5320
1561 5320
1562 5320
1563 5320
1564 5320
1565 5320
1566 5320
1567 5320
1568 5320
1569 5320
1570 5320
1571 5320
1572 5320
1573 5320
1574 5320
1575 5320
1576 5320
1577 5320
1578 5320
1579 5320
1580 5320
1581 5320
1582 5320
1583 5320
1584 5320
1585 5320
1586 5320
1587 5320
1588 5320
1589 5320
1590 5320
1591 5320
1592 5320
1593 5320
1594 5320
1595 5320
1596 5320
1597 5320
1598 5320
1599 5320
1600 5320
1601 5320
1602 5320
1603 5320
1604 5320
1605 5320
1606 5320
1607 5320
1608 5320
1609 5320
1610 5320
1611 5320
1612 5320
1613 5320
1614 5320
1615 5320
1616 5320
1617 5320
1618 5320
1619 5320
1620 5320
1621 5320
1622 5320
1623 5320
1624 5320
1625 5320
1626 5320
1627 5320
1628 5320
1629 5320
1630 5320
1631 5320
1632 5320
1633 5320
1634 5320
1635 5320
1636 5320
1637 5320
1638 5320
1639 5320
1640 5320
1641 5320
1642 5320
1643 5320
1644 5320
1645 5320
1646 5320
1647 5320
1648 5320
1649 5320
1650 5320
1651 5320
1652 5320
1653 5320
1654 5320
1655 5320
1656 5320
1657 5320
1658 5320
1659 5320
1660 5320
1661 5320
1662 5320
1663 5320
1664 5320
1665 5320
1666 5320
1667 5320
1668 5320
1669 5320
1670 5320
1671 5320
1672 5320
1673 5320
1674 5320
1675 5320
1676 5320
1677 5320
1678 5320
1679 5320
1680 5320
1681 5320
1682 5320
1683 5320
1684 5320
1685 5320
1686 5320
1687 5320
1688 5320
1689 5320
1690 5320
1691 5320
1692 5320
1693 5320
1694 5320
1695 5320
1696 5320
1697 5320
1698 5320
1699 5320
1700 5320
1701 5320
1702 5320
1703 5320
1704 5320
1705 5320
1706 5320
1707 5320
1708 5320
1709 5320
1710 5320
1711 5320
1712 5320
1713 5320
1714 5320
1715 5320
1716 5320
1717 5320
1718 5320
1719 5320
1720 5320
1721 5320
1722 5320
1723 5320
1724 5320
1725 5320
1726 5320
1727 5320
1728 5320
1729 5320
1730 5320
1731 5320
1732 5320
1733 5320
1734 5320
1735 5320
1736 5304
1737 5304
1738 5304
1739 5304
1740 5304
1741 5304
1742 5304
1743 5304
1744 5304
1745 5304
1746 5304
1747 5304
1748 5304
1749 5304
1750 5304
1751 5304
1752 5304
1753 5304
1754 5304
1755 5304
1756 5304
1757 5304
1758 5304
1759 5304
1760 5304
1761 5304
1762 5304
1763 5304
1764 5304
1765 5304
1766 5304
1767 5304
1768 5304
1769 5304
1770 5304
1771 5304
1772 5304
1773 5304
1774 5304
1775 5304
1776 5304
1777 5304
1778 5304
1779 5304
1780 5304
1781 5304
1782 5304
1783 5304
1784 5304
1785 5304
1786 5304
1787 5304
1788 5304
1789 5304
1790 5304
1791 5304
1792 5304
1793 5304
1794 5304
1795 5304
1796 5304
1797 5304
1798 5304
1799 5304
1800 5304
1801 5304
1802 5304
1803 5304
1804 5304
1805 5304
1806 5304
1807 5304
1808 5304
1809 5304
1810 5304
1811 5304
1812 5304
1813 5304
1814 5304
1815 5304
1816 5304
1817 5304
1818 5304
1819 5304
1820 5304
1821 5304
1822 5304
1823 5304
1824 5304
1825 5304
1826 5304
1827 5304
1828 5304
1829 5304
1830 5304
1831 5304
1832 5304
1833 5304
1834 5304
1835 5304
1836 5304
1837 5304
1838 5304
1839 5304
1840 5304
1841 5304
1842 5304
1843 5304
1844 5304
1845 5304
1846 5304
1847 5304
1848 5304
1849 5304
1850 5304
1851 5304
1852 5304
1853 5304
1854 5304
1855 5304
1856 5304
1857 5304
1858 5304
1859 5304
1860 5304
1861 5304
1862 5304
1863 5304
1864 5304
1865 5304
1866 5304
1867 5304
1868 5304
1869 5304
1870 5304
1871 5304
1872 5304
1873 5304
1874 5304
1875 5304
1876 5304
1877 5304
1878 5304
1879 5304
1880 5304
1881 5304
1882 5304
1883 5304
1884 5304
1885 5304
1886 5304
1887 5304
1888 5304
1889 5304
1890 5304
1891 5304
1892 5304
1893 5304
1894 5304
1895 5304
1896 5304
1897 5304
1898 5304
1899 5304
1900 5304
1901 5304
1902 5304
1903 5304
1904 5304
1905 5304
1906 5304
1907 5304
1908 5304
1909 5304
1910 5304
1911 5304
1912 5304
1913 5304
1914 5304
1915 5304
1916 5304
1917 5304
1918 5304
1919 5304
1920 5304
1921 5304
1922 5304
1923 5304
1924 5304
1925 5304
1926 5304
1927 5304
1928 5304
1929 5304
1930 5304
1931 5304
1932 5304
1933 5304
1934 5304
1935 5304
1936 5304
1937 5304
1938 5304
1939 5304
1940 5304
1941 5304
1942 5304
1943 5304
1944 5304
1945 5304
1946 5304
1947 5304
1948 5304
1949 5304
1950 5304
1951 5304
1952 5304
1953 5304
1954 5304
1955 5304
1956 5304
1957 5304
1958 5304
1959 5304
1960 5304
1961 5304
1962 5304
1963 5304
1964 5304
1965 5304
1966 5304
1967 5304
1968 5304
1969 5304
1970 5304
1971 5304
1972 5304
1973 5304
1974 5304
1975 5304
1976 5304
1977 5304
1978 5304
1979 5304
1980 5304
1981 5304
1982 5304
1983 5304
1984 5304
1985 5304
1986 5304
1987 5304
1988 5304
1989 5304
1990 5304
1991 5304
1992 5304
1993 5304
1994 5304
1995 5304
1996 5304
1997 5304
1998 5304
1999 5304
