0 6364
1 6364
2 6364
3 6364
4 6364
5 6364
6 6114
7 6114
8 6114
9 6114
10 6114
11 6114
12 6114
13 6114
14 6114
15 6114
16 6114
17 6114
18 6114
19 6114
20 6114
21 6114
22 6114
23 6114
24 6114
25 6114
26 6114
27 6114
28 6114
29 6114
30 6114
31 6114
32 6114
33 6114
34 6114
35 6114
36 6114
37 6114
38 6114
39 6114
40 6114
41 6114
42 6114
43 6114
44 6114
45 6114
46 6114
47 6114
48 6114
49 6114
50 6114
51 6114
52 6114
53 6114
54 6114
55 6114
56 6114
57 6114
58 6114
59 6114
60 6114
61 6114
62 6114
63 6114
64 6114
65 6114
66 6114
67 6114
68 6114
69 6114
70 6114
71 6114
72 6114
73 6114
74 6114
75 6114
76 6114
77 6114
78 6114
79 6114
80 6114
81 6114
82 6114
83 6114
84 6114
85 6114
86 6114
87 6114
88 6114
89 6114
90 6114
91 6114
92 6114
93 6114
94 6114
95 6114
96 6114
97 6114
98 6114
99 6114
100 6114
101 6114
102 6114
103 6114
104 6114
105 6114
106 6114
107 6114
108 6114
109 6114
110 6114
111 6114
112 6114
113 6114
114 6114
115 6114
116 6114
117 6114
118 6114
119 6114
120 6114
121 6114
122 6114
123 6114
124 6114
125 6114
126 6114
127 6114
128 6114
129 6114
130 6114
131 6114
132 6114
133 6114
134 6114
135 6114
136 6114
137 6114
138 6114
139 6114
140 6114
141 6114
142 6114
143 6114
144 6114
145 6114
146 6114
147 6114
148 6114
149 6114
150 6114
151 6114
152 6114
153 6114
154 6114
155 6114
156 6114
157 6114
158 6114
159 6114
160 6114
161 6114
162 6114
163 6114
164 6114
165 6114
166 6114
167 6114
168 6114
169 6114
170 6114
171 6114
172 6114
173 6114
174 6114
175 6114
176 6114
177 6114
178 6114
179 6114
180 6114
181 6114
182 6114
183 6114
184 6114
185 6114
186 6114
187 6114
188 6114
189 6114
190 6114
191 6114
192 6114
193 6114
194 6114
195 6114
196 6114
197 6114
198 6114
199 6114
200 6114
201 6114
202 6114
203 6114
204 6114
205 6114
206 6114
207 6114
208 6114
209 6114
210 6114
211 6114
212 6114
213 6114
214 6114
215 6114
216 6114
217 6114
218 6114
219 6114
220 6114
221 6114
222 6114
223 6114
224 6114
225 6114
226 6114
227 6114
228 6114
229 6114
230 6114
231 6114
232 6114
233 6114
234 6114
235 6114
236 6114
237 6114
238 6114
239 6114
240 6114
241 6114
242 6114
243 6114
244 6114
245 6114
246 6114
247 6114
248 6114
249 6114
250 6114
251 6114
252 6114
253 6114
254 6114
255 6114
256 6114
257 6114
258 6114
259 6114
260 6114
261 6114
262 6114
263 6114
264 6114
265 6114
266 6114
267 6114
268 6114
269 6114
270 6114
271 6114
272 6114
273 6114
274 6114
275 6114
276 6114
277 6114
278 6114
279 6114
280 6114
281 6114
282 6114
283 6114
284 6114
285 6114
286 6114
287 6114
288 6114
289 6114
290 6114
291 6114
292 6114
293 6114
294 6114
295 6114
296 6114
297 6114
298 6114
299 6114
300 6114
301 6114
302 6114
303 6114
304 6114
305 6114
306 6114
307 6114
308 6114
309 6114
310 6114
311 6114
312 6114
313 6114
314 6114
315 6114
316 6114
317 6114
318 6114
319 6114
320 6114
321 6114
322 6114
323 6114
324 6114
325 6114
326 6114
327 6114
328 6064
329 6064
330 6064
331 6064
332 6064
333 6064
334 6064
335 6064
336 5570
337 5570
338 5570
339 5570
340 5570
341 5570
342 5570
343 5570
344 5570
345 5570
346 5570
347 5570
348 5570
349 5570
350 5570
351 5570
352 5570
353 5570
354 5570
355 5570
356 5570
357 5570
358 5570
359 5570
360 5570
361 5570
362 5570
363 5570
364 5570
365 5570
366 5570
367 5570
368 5570
369 5570
370 5570
371 5570
372 5570
373 5570
374 5570
375 5570
376 5570
377 5570
378 5570
379 5570
380 5570
381 5570
382 5570
383 5570
384 5570
385 5570
386 5570
387 5570
388 5570
389 5570
390 5570
391 5570
392 5570
393 5570
394 5570
395 5570
396 5570
397 5570
398 5570
399 5570
400 5570
401 5570
402 5570
403 5570
404 5570
405 5570
406 5570
407 5570
408 5570
409 5570
410 5570
411 5570
412 5570
413 5570
414 5570
415 5570
416 5570
417 5570
418 5570
419 5570
420 5570
421 5570
422 5570
423 5570
424 5570
425 5570
426 5570
427 5570
428 5570
429 5570
430 5570
431 5570
432 5570
433 5570
434 5570
435 5570
436 5570
437 5570
438 5570
439 5570
440 5570
441 5570
442 5570
443 5570
444 5570
445 5570
446 5570
447 5570
448 5570
449 5570
450 5570
451 5570
452 5570
453 5570
454 5570
455 5570
456 5570
457 5570
458 5570
459 5570
460 5570
461 5570
462 5570
463 5570
464 5570
465 5570
466 5570
467 5570
468 5570
469 5570
470 5520
471 5520
472 5520
473 5520
474 5520
475 5520
476 5520
477 5520
478 5520
479 5520
480 5520
481 5520
482 5520
483 5520
484 5520
485 5520
486 5520
487 5520
488 5520
489 5520
490 5520
491 5520
492 5520
493 5520
494 5520
495 5520
496 5520
497 5520
498 5520
499 5520
500 5520
501 5520
502 5520
503 5520
504 5520
505 5520
506 5520
507 5520
508 5520
509 5520
510 5520
511 5520
512 5520
513 5520
514 5520
515 5520
516 5520
517 5520
518 5520
519 5520
520 5520
521 5520
522 5520
523 5520
524 5520
525 5520
526 5520
527 5520
528 5520
529 5520
530 5520
531 5520
532 5520
533 5520
534 5520
535 5520
536 5520
537 5520
538 5520
539 5520
540 5520
541 5520
542 5520
543 5520
544 5520
545 5520
546 5520
547 5520
548 5520
549 5520
550 5520
551 5520
552 5520
553 5520
554 5520
555 5520
556 5520
557 5520
558 5520
559 5520
560 5520
561 5520
562 5520
563 5520
564 5520
565 5520
566 5520
567 5520
568 5520
569 5520
570 5520
571 5520
572 5520
573 5520
574 5520
575 5520
576 5520
577 5520
578 5520
579 5520
580 5520
581 5520
582 5520
583 5520
584 5520
585 5520
586 5520
587 5520
588 5520
589 5520
590 5520
591 5520
592 5520
593 5520
594 5520
595 5520
596 5520
597 5520
598 5520
599 5520
600 5520
601 5520
602 5520
603 5520
604 5520
605 5520
606 5520
607 5520
608 5520
609 5520
610 5520
611 5520
612 5520
613 5520
614 5520
615 5520
616 5520
617 5520
618 5520
619 5520
620 5520
621 5520
622 5520
623 5520
624 5520
625 5520
626 5520
627 5520
628 5520
629 5520
630 5520
631 5520
632 5520
633 5520
634 5520
635 5520
636 5520
637 5520
638 5520
639 5520
640 5520
641 5520
642 5520
643 5520
644 5520
645 5520
646 5520
647 5520
648 5520
649 5520
650 5520
651 5520
652 5520
653 5520
654 5520
655 5520
656 5520
657 5520
658 5520
659 5520
660 5520
661 5520
662 5520
663 5520
664 5520
665 5520
666 5520
667 5520
668 5520
669 5520
670 5520
671 5520
672 5520
673 5520
674 5520
675 5520
676 5520
677 5520
678 5520
679 5520
680 5520
681 5520
682 5520
683 5520
684 5520
685 5520
686 5520
687 5520
688 5520
689 5520
690 5520
691 5520
692 5520
693 5520
694 5520
695 5520
696 5520
697 5520
698 5520
699 5520
700 5520
701 5520
702 5520
703 5520
704 5520
705 5520
706 5520
707 5520
708 5520
709 5520
710 5520
711 5520
712 5520
713 5520
714 5520
715 5520
716 5520
717 5520
718 5520
719 5520
720 5520
721 5520
722 5520
723 5520
724 5520
725 5520
726 5520
727 5520
728 5520
729 5520
730 5520
731 5520
732 5520
733 5520
734 5520
735 5520
736 5520
737 5520
738 5520
739 5520
740 5520
741 5520
742 5520
743 5520
744 5520
745 5520
746 5520
747 5520
748 5520
749 5520
750 5520
751 5520
752 5520
753 5520
754 5520
755 5520
756 5520
757 5520
758 5520
759 5520
760 5520
761 5520
762 5520
763 5520
764 5520
765 5520
766 5520
767 5520
768 5520
769 5514
770 5514
771 5514
772 5514
773 5514
774 5514
775 5514
776 5514
777 5514
778 5514
779 5514
780 5514
781 5514
782 5514
783 5514
784 5514
785 5514
786 5514
787 5514
788 5514
789 5514
790 5514
791 5514
792 5514
793 5514
794 5514
795 5514
796 5514
797 5514
798 5514
799 5514
800 5514
801 5514
802 5514
803 5514
804 5514
805 5514
806 5514
807 5514
808 5514
809 5514
810 5514
811 5514
812 5514
813 5514
814 5514
815 5514
816 5514
817 5514
818 5514
819 5514
820 5514
821 5514
822 5514
823 5514
824 5514
825 5514
826 5514
827 5514
828 5514
829 5514
830 5514
831 5514
832 5514
833 5514
834 5514
835 5514
836 5514
837 5514
838 5514
839 5514
840 5514
841 5514
842 5514
843 5514
844 5514
845 5514
846 5514
847 5464
848 5464
849 5464
850 5464
851 5464
852 5464
853 5464
854 5464
855 5464
856 5464
857 5464
858 5464
859 5464
860 5464
861 5464
862 5464
863 5464
864 5464
865 5464
866 5464
867 5464
868 5464
869 5464
870 5464
871 5464
872 5464
873 5464
874 5464
875 5464
876 5464
877 5464
878 5464
879 5464
880 5464
881 5464
882 5464
883 5464
884 5464
885 5464
886 5464
887 5464
888 5464
889 5464
890 5464
891 5464
892 5464
893 5464
894 5464
895 5464
896 5464
897 5464
898 5464
899 5464
900 5464
901 5464
902 5464
903 5464
904 5464
905 5464
906 5464
907 5464
908 5370
909 5370
910 5370
911 5370
912 5370
913 5370
914 5370
915 5370
916 5370
917 5370
918 5370
919 5370
920 5370
921 5370
922 5370
923 5370
924 5370
925 5370
926 5370
927 5370
928 5370
929 5370
930 5370
931 5370
932 5370
933 5370
934 5370
935 5370
936 5370
937 5370
938 5370
939 5370
940 5370
941 5370
942 5370
943 5370
944 5370
945 5370
946 5370
947 5370
948 5370
949 5370
950 5370
951 5370
952 5370
953 5370
954 5370
955 5370
956 5370
957 5370
958 5370
959 5370
960 5370
961 5370
962 5370
963 5370
964 5370
965 5370
966 5370
967 5370
968 5370
969 5370
970 5370
971 5370
972 5370
973 5370
974 5370
975 5370
976 5370
977 5370
978 5370
979 5370
980 5370
981 5370
982 5370
983 5370
984 5370
985 5370
986 5370
987 5370
988 5370
989 5370
990 5370
991 5370
992 5370
993 5370
994 5370
995 5370
996 5370
997 5370
998 5370
999 5370
1000 5370
1001 5370
1002 5370
1003 5370
1004 5370
1005 5370
1006 5370
1007 5370
1008 5370
1009 5370
1010 5370
1011 5370
1012 5370
1013 5370
1014 5370
1015 5370
1016 5370
1017 5370
1018 5370
1019 5370
1020 5370
1021 5370
1022 5370
1023 5370
1024 5370
1025 5370
1026 5370
1027 5370
1028 5370
1029 5370
1030 5370
1031 5370
1032 5370
1033 5370
1034 5370
1035 5370
1036 5370
1037 5370
1038 5370
1039 5370
1040 5370
1041 5370
1042 5370
1043 5370
1044 5370
1045 5370
1046 5370
1047 5370
1048 5370
1049 5370
1050 5370
1051 5370
1052 5370
1053 5370
1054 5370
1055 5370
1056 5370
1057 5370
1058 5370
1059 5370
1060 5370
1061 5370
1062 5370
1063 5370
1064 5370
1065 5370
1066 5370
1067 5370
1068 5370
1069 5370
1070 5370
1071 5370
1072 5370
1073 5370
1074 5370
1075 5370
1076 5370
1077 5370
1078 5370
1079 5370
1080 5370
1081 5370
1082 5370
1083 5370
1084 5370
1085 5370
1086 5370
1087 5370
1088 5370
1089 5370
1090 5370
1091 5370
1092 5370
1093 5370
1094 5370
1095 5370
1096 5370
1097 5370
1098 5370
1099 5370
1100 5370
1101 5370
1102 5370
1103 5370
1104 5370
1105 5370
1106 5370
1107 5370
1108 5370
1109 5370
1110 5370
1111 5370
1112 5370
1113 5370
1114 5370
1115 5370
1116 5370
1117 5370
1118 5370
1119 5370
1120 5370
1121 5370
1122 5370
1123 5370
1124 5370
1125 5370
1126 5370
1127 5370
1128 5370
1129 5370
1130 5370
1131 5370
1132 5370
1133 5370
1134 5370
1135 5370
1136 5370
1137 5370
1138 5370
1139 5370
1140 5370
1141 5370
1142 5370
1143 5370
1144 5370
1145 5370
1146 5370
1147 5370
1148 5370
1149 5370
1150 5370
1151 5370
1152 5370
1153 5370
1154 5370
1155 5370
1156 5370
1157 5370
1158 5370
1159 5370
1160 5370
1161 5370
1162 5370
1163 5370
1164 5370
1165 5370
1166 5370
1167 5370
1168 5370
1169 5370
1170 5370
1171 5370
1172 5370
1173 5370
1174 5370
1175 5370
1176 5370
1177 5370
1178 5370
1179 5370
1180 5370
1181 5370
1182 5370
1183 5370
1184 5370
1185 5370
1186 5370
1187 5370
1188 5370
1189 5370
1190 5370
1191 5370
1192 5370
1193 5370
1194 5370
1195 5370
1196 5370
1197 5370
1198 5370
1199 5370
1200 5370
1201 5370
1202 5370
1203 5370
1204 5370
1205 5370
1206 5370
1207 5370
1208 5370
1209 5370
1210 5370
1211 5370
1212 5370
1213 5370
1214 5370
1215 5370
1216 5370
1217 5370
1218 5370
1219 5370
1220 5370
1221 5370
1222 5370
1223 5370
1224 5370
1225 5370
1226 5370
1227 5370
1228 5370
1229 5370
1230 5370
1231 5370
1232 5370
1233 5370
1234 5370
1235 5370
1236 5370
1237 5370
1238 5370
1239 5370
1240 5370
1241 5370
1242 5370
1243 5370
1244 5370
1245 5370
1246 5370
1247 5370
1248 5370
1249 5370
1250 5370
1251 5370
1252 5370
1253 5370
1254 5370
1255 5370
1256 5370
1257 5370
1258 5370
1259 5370
1260 5370
1261 5370
1262 5370
1263 5370
1264 5370
1265 5370
1266 5370
1267 5370
1268 5370
1269 5370
1270 5370
1271 5370
1272 5370
1273 5370
1274 5370
1275 5370
1276 5370
1277 5370
1278 5370
1279 5370
1280 5370
1281 5370
1282 5370
1283 5370
1284 5370
1285 5370
1286 5370
1287 5370
1288 5370
1289 5370
1290 5370
1291 5370
1292 5370
1293 5370
1294 5370
1295 5370
1296 5370
1297 5370
1298 5370
1299 5370
1300 5370
1301 5370
1302 5370
1303 5370
1304 5370
1305 5370
1306 5370
1307 5370
1308 5370
1309 5370
1310 5370
1311 5370
1312 5370
1313 5370
1314 5370
1315 5370
1316 5370
1317 5370
1318 5370
1319 5370
1320 5370
1321 5370
1322 5370
1323 5370
1324 5370
1325 5370
1326 5370
1327 5370
1328 5370
1329 5370
1330 5370
1331 5370
1332 5370
1333 5370
1334 5370
1335 5370
1336 5370
1337 5370
1338 5370
1339 5370
1340 5370
1341 5370
1342 5370
1343 5370
1344 5370
1345 5370
1346 5370
1347 5370
1348 5370
1349 5370
1350 5370
1351 5370
1352 5370
1353 5370
1354 5370
1355 5370
1356 5370
1357 5370
1358 5370
1359 5370
1360 5370
1361 5370
1362 5370
1363 5370
1364 5370
1365 5370
1366 5370
1367 5370
1368 5370
1369 5370
1370 5370
1371 5370
1372 5370
1373 5370
1374 5370
1375 5370
1376 5370
1377 5370
1378 5370
1379 5370
1380 5370
1381 5370
1382 5370
1383 5370
1384 5370
1385 5370
1386 5370
1387 5370
1388 5370
1389 5370
1390 5370
1391 5370
1392 5370
1393 5370
1394 5370
1395 5370
1396 5370
1397 5370
1398 5370
1399 5370
1400 5370
1401 5370
1402 5370
1403 5370
1404 5370
1405 5370
1406 5370
1407 5370
1408 5370
1409 5370
1410 5370
1411 5370
1412 5370
1413 5370
1414 5370
1415 5370
1416 5370
1417 5370
1418 5370
1419 5370
1420 5370
1421 5370
1422 5370
1423 5370
1424 5370
1425 5370
1426 5370
1427 5370
1428 5370
1429 5370
1430 5370
1431 5370
1432 5370
1433 5370
1434 5370
1435 5370
1436 5370
1437 5370
1438 5370
1439 5370
1440 5370
1441 5370
1442 5370
1443 5370
1444 5370
1445 5370
1446 5370
1447 5370
1448 5370
1449 5370
1450 5370
1451 5370
1452 5370
1453 5370
1454 5370
1455 5370
1456 5370
1457 5370
1458 5370
1459 5370
1460 5370
1461 5370
1462 5370
1463 5370
1464 5370
1465 5370
1466 5370
1467 5370
1468 5370
1469 5370
1470 5370
1471 5370
1472 5370
1473 5370
1474 5370
1475 5370
1476 5370
1477 5370
1478 5370
1479 5370
1480 5370
1481 5370
1482 5370
1483 5370
1484 5370
1485 5370
1486 5370
1487 5370
1488 5370
1489 5370
1490 5370
1491 5370
1492 5370
1493 5370
1494 5370
1495 5370
1496 5370
1497 5370
1498 5370
1499 5370
1500 5370
1501 5370
1502 5370
1503 5370
1504 5370
1505 5370
1506 5370
1507 5370
1508 5370
1509 5370
1510 5370
1511 5370
1512 5370
1513 5370
1514 5370
1515 5370
1516 5370
1517 5370
1518 5370
1519 5370
1520 5370
1521 5370
1522 5370
1523 5370
1524 5370
1525 5370
1526 5370
1527 5370
1528 5370
1529 5370
1530 5370
1531 5370
1532 5370
1533 5370
1534 5370
1535 5370
1536 5370
1537 5370
1538 5370
1539 5370
1540 5370
1541 5370
1542 5370
1543 5370
1544 5370
1545 5370
1546 5370
1547 5370
1548 5370
1549 5370
1550 5370
1551 5370
1552 5370
1553 5370
1554 5370
1555 5370
1556 5370
1557 5370
1558 5370
1559 5370
1560 5370
1561 5370
1562 5370
1563 5370
1564 5370
1565 5370
1566 5370
1567 5370
1568 5370
1569 5370
1570 5370
1571 5370
1572 5370
1573 5370
1574 5370
1575 5370
1576 5370
1577 5370
1578 5370
1579 5370
1580 5370
1581 5370
1582 5370
1583 5370
1584 5370
1585 5370
1586 5370
1587 5370
1588 5370
1589 5370
1590 5370
1591 5370
1592 5370
1593 5370
1594 5370
1595 5370
1596 5370
1597 5370
1598 5370
1599 5370
1600 5370
1601 5370
1602 5370
1603 5370
1604 5370
1605 5370
1606 5370
1607 5370
1608 5370
1609 5370
1610 5370
1611 5370
1612 5370
1613 5370
1614 5370
1615 5370
1616 5370
1617 5370
1618 5370
1619 5370
1620 5370
1621 5370
1622 5370
1623 5370
1624 5370
1625 5370
1626 5370
1627 5370
1628 5370
1629 5370
1630 5370
1631 5370
1632 5370
1633 5370
1634 5370
1635 5370
1636 5370
1637 5370
1638 5370
1639 5370
1640 5370
1641 5370
1642 5370
1643 5370
1644 5370
1645 5370
1646 5370
1647 5370
1648 5370
1649 5370
1650 5370
1651 5370
1652 5370
1653 5370
1654 5370
1655 5370
1656 5370
1657 5370
1658 5370
1659 5370
1660 5370
1661 5370
1662 5370
1663 5370
1664 5370
1665 5370
1666 5370
1667 5370
1668 5370
1669 5370
1670 5370
1671 5370
1672 5370
1673 5370
1674 5370
1675 5370
1676 5370
1677 5370
1678 5370
1679 5370
1680 5370
1681 5370
1682 5370
1683 5370
1684 5370
1685 5370
1686 5370
1687 5370
1688 5370
1689 5370
1690 5370
1691 5370
1692 5370
1693 5370
1694 5370
1695 5370
1696 5370
1697 5370
1698 5370
1699 5370
1700 5370
1701 5370
1702 5370
1703 5370
1704 5370
1705 5370
1706 5370
1707 5370
1708 5370
1709 5370
1710 5370
1711 5370
1712 5370
1713 5370
1714 5370
1715 5370
1716 5370
1717 5370
1718 5370
1719 5370
1720 5370
1721 5370
1722 5370
1723 5370
1724 5370
1725 5370
1726 5370
1727 5370
1728 5370
1729 5370
1730 5370
1731 5370
1732 5370
1733 5370
1734 5370
1735 5370
1736 5370
1737 5370
1738 5370
1739 5370
1740 5370
1741 5370
1742 5370
1743 5370
1744 5370
1745 5370
1746 5370
1747 5370
1748 5370
1749 5370
1750 5370
1751 5370
1752 5370
1753 5370
1754 5370
1755 5370
1756 5370
1757 5370
1758 5370
1759 5370
1760 5370
1761 5370
1762 5370
1763 5370
1764 5370
1765 5370
1766 5370
1767 5370
1768 5370
1769 5370
1770 5370
1771 5370
1772 5370
1773 5370
1774 5370
1775 5370
1776 5370
1777 5370
1778 5370
1779 5370
1780 5370
1781 5370
1782 5370
1783 5370
1784 5370
1785 5370
1786 5370
1787 5370
1788 5370
1789 5370
1790 5370
1791 5370
1792 5370
1793 5370
1794 5370
1795 5370
1796 5370
1797 5370
1798 5370
1799 5370
1800 5370
1801 5370
1802 5370
1803 5370
1804 5370
1805 5370
1806 5370
1807 5370
1808 5370
1809 5370
1810 5370
1811 5370
1812 5370
1813 5370
1814 5370
1815 5370
1816 5370
1817 5370
1818 5370
1819 5370
1820 5370
1821 5370
1822 5370
1823 5370
1824 5370
1825 5370
1826 5370
1827 5370
1828 5370
1829 5370
1830 5370
1831 5370
1832 5370
1833 5370
1834 5370
1835 5370
1836 5370
1837 5370
1838 5370
1839 5370
1840 5370
1841 5370
1842 5370
1843 5370
1844 5370
1845 5370
1846 5370
1847 5370
1848 5370
1849 5370
1850 5370
1851 5370
1852 5370
1853 5370
1854 5370
1855 5370
1856 5370
1857 5370
1858 5370
1859 5370
1860 5370
1861 5370
1862 5370
1863 5370
1864 5370
1865 5370
1866 5370
1867 5370
1868 5370
1869 5370
1870 5370
1871 5370
1872 5370
1873 5370
1874 5370
1875 5370
1876 5370
1877 5370
1878 5370
1879 5370
1880 5370
1881 5370
1882 5370
1883 5370
1884 5370
1885 5370
1886 5370
1887 5370
1888 5370
1889 5370
1890 5370
1891 5370
1892 5370
1893 5370
1894 5370
1895 5370
1896 5370
1897 5370
1898 5370
1899 5370
1900 5370
1901 5370
1902 5370
1903 5370
1904 5370
1905 5370
1906 5370
1907 5370
1908 5370
1909 5370
1910 5370
1911 5370
1912 5370
1913 5370
1914 5370
1915 5370
1916 5370
1917 5370
1918 5370
1919 5370
1920 5370
1921 5370
1922 5370
1923 5370
1924 5370
1925 5370
1926 5370
1927 5370
1928 5370
1929 5370
1930 5370
1931 5370
1932 5370
1933 5370
1934 5370
1935 5370
1936 5370
1937 5370
1938 5370
1939 5370
1940 5370
1941 5370
1942 5370
1943 5370
1944 5370
1945 5370
1946 5370
1947 5370
1948 5370
1949 5370
1950 5370
1951 5370
1952 5370
1953 5370
1954 5370
1955 5370
1956 5370
1957 5370
1958 5370
1959 5370
1960 5370
1961 5370
1962 5370
1963 5370
1964 5370
1965 5370
1966 5370
1967 5370
1968 5370
1969 5370
1970 5370
1971 5370
1972 5370
1973 5370
1974 5370
1975 5370
1976 5370
1977 5370
1978 5370
1979 5370
1980 5370
1981 5370
1982 5370
1983 5370
1984 5370
1985 5370
1986 5370
1987 5370
1988 5370
1989 5370
1990 5370
1991 5370
1992 5370
1993 5370
1994 5370
1995 5370
1996 5370
1997 5370
1998 5370
1999 5370
