0 5848
1 5848
2 5848
3 5848
4 5848
5 5848
6 5848
7 5848
8 5848
9 5848
10 5848
11 5848
12 5848
13 5848
14 5848
15 5848
16 5848
17 5848
18 5848
19 5848
20 5848
21 5848
22 5848
23 5848
24 5848
25 5848
26 5848
27 5848
28 5848
29 5848
30 5848
31 5848
32 5848
33 5848
34 5848
35 5848
36 5848
37 5848
38 5848
39 5848
40 5848
41 5848
42 5848
43 5848
44 5848
45 5848
46 5848
47 5848
48 5848
49 5848
50 5848
51 5848
52 5848
53 5848
54 5848
55 5848
56 5848
57 5848
58 5848
59 5848
60 5848
61 5848
62 5848
63 5848
64 5848
65 5848
66 5848
67 5848
68 5848
69 5848
70 5848
71 5848
72 5848
73 5848
74 5848
75 5848
76 5848
77 5848
78 5848
79 5848
80 5848
81 5848
82 5848
83 5848
84 5848
85 5848
86 5848
87 5848
88 5848
89 5848
90 5848
91 5848
92 5848
93 5848
94 5848
95 5848
96 5848
97 5848
98 5848
99 5848
100 5848
101 5848
102 5848
103 5848
104 5848
105 5848
106 5848
107 5848
108 5848
109 5848
110 5848
111 5848
112 5848
113 5848
114 5848
115 5848
116 5848
117 5848
118 5848
119 5848
120 5848
121 5848
122 5848
123 5848
124 5848
125 5848
126 5848
127 5848
128 5848
129 5848
130 5848
131 5848
132 5848
133 5848
134 5848
135 5848
136 5848
137 5848
138 5848
139 5848
140 5848
141 5848
142 5848
143 5848
144 5848
145 5848
146 5848
147 5848
148 5848
149 5848
150 5848
151 5848
152 5848
153 5848
154 5848
155 5848
156 5848
157 5848
158 5848
159 5848
160 5848
161 5848
162 5848
163 5848
164 5848
165 5848
166 5848
167 5848
168 5848
169 5848
170 5848
171 5848
172 5848
173 5848
174 5848
175 5848
176 5848
177 5848
178 5848
179 5848
180 5848
181 5848
182 5848
183 5848
184 5848
185 5848
186 5848
187 5848
188 5848
189 5848
190 5848
191 5848
192 5848
193 5848
194 5848
195 5848
196 5848
197 5848
198 5848
199 5848
200 5848
201 5848
202 5848
203 5848
204 5848
205 5848
206 5848
207 5848
208 5848
209 5848
210 5848
211 5848
212 5848
213 5848
214 5848
215 5848
216 5848
217 5848
218 5848
219 5848
220 5848
221 5848
222 5848
223 5848
224 5848
225 5848
226 5848
227 5848
228 5848
229 5848
230 5848
231 5848
232 5848
233 5848
234 5848
235 5848
236 5848
237 5848
238 5848
239 5848
240 5848
241 5848
242 5848
243 5848
244 5848
245 5848
246 5848
247 5848
248 5848
249 5848
250 5848
251 5848
252 5848
253 5848
254 5848
255 5848
256 5848
257 5848
258 5848
259 5848
260 5848
261 5848
262 5848
263 5848
264 5848
265 5848
266 5848
267 5848
268 5848
269 5848
270 5848
271 5848
272 5848
273 5848
274 5848
275 5848
276 5848
277 5848
278 5848
279 5848
280 5848
281 5848
282 5848
283 5848
284 5848
285 5848
286 5848
287 5848
288 5848
289 5848
290 5848
291 5848
292 5848
293 5848
294 5848
295 5848
296 5848
297 5848
298 5848
299 5848
300 5848
301 5848
302 5848
303 5848
304 5848
305 5848
306 5848
307 5848
308 5848
309 5848
310 5848
311 5848
312 5848
313 5848
314 5848
315 5848
316 5848
317 5848
318 5848
319 5848
320 5848
321 5848
322 5848
323 5848
324 5848
325 5808
326 5808
327 5808
328 5808
329 5808
330 5808
331 5808
332 5808
333 5808
334 5808
335 5808
336 5808
337 5808
338 5808
339 5808
340 5808
341 5808
342 5808
343 5808
344 5808
345 5808
346 5808
347 5770
348 5770
349 5770
350 5670
351 5670
352 5670
353 5670
354 5670
355 5670
356 5670
357 5670
358 5670
359 5670
360 5670
361 5670
362 5670
363 5670
364 5670
365 5670
366 5670
367 5670
368 5670
369 5670
370 5670
371 5670
372 5670
373 5620
374 5620
375 5620
376 5620
377 5620
378 5620
379 5620
380 5620
381 5620
382 5620
383 5620
384 5620
385 5620
386 5620
387 5620
388 5620
389 5620
390 5620
391 5620
392 5620
393 5620
394 5620
395 5620
396 5620
397 5620
398 5620
399 5620
400 5620
401 5620
402 5620
403 5620
404 5620
405 5620
406 5620
407 5620
408 5620
409 5620
410 5620
411 5620
412 5620
413 5620
414 5620
415 5620
416 5620
417 5620
418 5620
419 5620
420 5620
421 5620
422 5620
423 5620
424 5620
425 5620
426 5620
427 5620
428 5620
429 5620
430 5620
431 5620
432 5620
433 5620
434 5620
435 5620
436 5620
437 5620
438 5620
439 5620
440 5620
441 5620
442 5620
443 5620
444 5620
445 5620
446 5620
447 5620
448 5620
449 5620
450 5620
451 5620
452 5620
453 5620
454 5620
455 5620
456 5620
457 5620
458 5620
459 5620
460 5620
461 5620
462 5620
463 5620
464 5620
465 5620
466 5620
467 5620
468 5620
469 5620
470 5620
471 5620
472 5620
473 5620
474 5620
475 5620
476 5620
477 5620
478 5620
479 5620
480 5620
481 5620
482 5620
483 5620
484 5620
485 5620
486 5620
487 5620
488 5620
489 5620
490 5620
491 5620
492 5620
493 5620
494 5620
495 5620
496 5620
497 5620
498 5620
499 5620
500 5620
501 5620
502 5620
503 5620
504 5620
505 5620
506 5620
507 5620
508 5620
509 5620
510 5620
511 5620
512 5620
513 5620
514 5620
515 5620
516 5620
517 5620
518 5620
519 5620
520 5620
521 5620
522 5620
523 5620
524 5620
525 5620
526 5620
527 5620
528 5620
529 5620
530 5620
531 5620
532 5620
533 5620
534 5620
535 5620
536 5620
537 5620
538 5620
539 5620
540 5620
541 5620
542 5620
543 5620
544 5620
545 5620
546 5620
547 5620
548 5620
549 5620
550 5620
551 5620
552 5620
553 5620
554 5620
555 5620
556 5620
557 5620
558 5620
559 5620
560 5620
561 5620
562 5620
563 5620
564 5620
565 5620
566 5620
567 5620
568 5620
569 5620
570 5620
571 5620
572 5620
573 5470
574 5470
575 5470
576 5470
577 5470
578 5470
579 5470
580 5470
581 5470
582 5470
583 5470
584 5470
585 5470
586 5470
587 5470
588 5470
589 5470
590 5470
591 5470
592 5470
593 5470
594 5470
595 5470
596 5470
597 5470
598 5470
599 5470
600 5470
601 5470
602 5470
603 5470
604 5470
605 5470
606 5470
607 5470
608 5470
609 5470
610 5470
611 5470
612 5470
613 5470
614 5470
615 5470
616 5470
617 5470
618 5470
619 5470
620 5470
621 5470
622 5470
623 5470
624 5470
625 5470
626 5470
627 5470
628 5470
629 5470
630 5470
631 5470
632 5470
633 5470
634 5470
635 5470
636 5470
637 5470
638 5470
639 5470
640 5470
641 5470
642 5470
643 5470
644 5470
645 5470
646 5470
647 5470
648 5470
649 5470
650 5470
651 5470
652 5470
653 5470
654 5470
655 5470
656 5470
657 5470
658 5470
659 5470
660 5470
661 5470
662 5470
663 5470
664 5470
665 5470
666 5470
667 5470
668 5470
669 5470
670 5470
671 5470
672 5470
673 5470
674 5470
675 5470
676 5470
677 5470
678 5470
679 5470
680 5470
681 5470
682 5470
683 5470
684 5470
685 5470
686 5470
687 5470
688 5470
689 5470
690 5470
691 5470
692 5470
693 5470
694 5470
695 5470
696 5470
697 5470
698 5470
699 5470
700 5470
701 5470
702 5470
703 5470
704 5470
705 5470
706 5470
707 5470
708 5470
709 5470
710 5470
711 5470
712 5470
713 5470
714 5470
715 5470
716 5470
717 5470
718 5470
719 5470
720 5470
721 5470
722 5470
723 5470
724 5470
725 5470
726 5470
727 5470
728 5470
729 5470
730 5470
731 5470
732 5470
733 5470
734 5470
735 5470
736 5470
737 5470
738 5470
739 5470
740 5470
741 5470
742 5470
743 5470
744 5470
745 5470
746 5470
747 5470
748 5470
749 5470
750 5470
751 5470
752 5470
753 5470
754 5470
755 5470
756 5470
757 5470
758 5470
759 5470
760 5470
761 5470
762 5470
763 5470
764 5470
765 5470
766 5470
767 5470
768 5470
769 5470
770 5470
771 5470
772 5470
773 5470
774 5470
775 5470
776 5470
777 5470
778 5470
779 5470
780 5470
781 5470
782 5470
783 5470
784 5470
785 5470
786 5470
787 5470
788 5470
789 5470
790 5470
791 5470
792 5470
793 5470
794 5470
795 5470
796 5470
797 5470
798 5470
799 5470
800 5470
801 5470
802 5470
803 5470
804 5470
805 5470
806 5470
807 5470
808 5470
809 5470
810 5470
811 5470
812 5470
813 5470
814 5470
815 5470
816 5470
817 5470
818 5470
819 5470
820 5470
821 5470
822 5470
823 5470
824 5470
825 5470
826 5470
827 5470
828 5470
829 5470
830 5470
831 5470
832 5470
833 5470
834 5470
835 5470
836 5470
837 5470
838 5470
839 5470
840 5470
841 5470
842 5470
843 5470
844 5470
845 5470
846 5470
847 5470
848 5470
849 5470
850 5470
851 5470
852 5470
853 5470
854 5470
855 5470
856 5470
857 5470
858 5470
859 5470
860 5470
861 5470
862 5470
863 5470
864 5470
865 5470
866 5470
867 5470
868 5470
869 5470
870 5470
871 5470
872 5470
873 5470
874 5470
875 5470
876 5470
877 5470
878 5470
879 5470
880 5470
881 5470
882 5470
883 5470
884 5470
885 5470
886 5470
887 5470
888 5470
889 5470
890 5470
891 5470
892 5470
893 5470
894 5470
895 5470
896 5470
897 5470
898 5470
899 5470
900 5470
901 5470
902 5470
903 5470
904 5470
905 5470
906 5470
907 5470
908 5470
909 5470
910 5470
911 5470
912 5470
913 5470
914 5470
915 5470
916 5470
917 5470
918 5470
919 5470
920 5470
921 5470
922 5470
923 5470
924 5470
925 5470
926 5470
927 5470
928 5470
929 5470
930 5470
931 5470
932 5470
933 5470
934 5470
935 5470
936 5470
937 5470
938 5470
939 5470
940 5470
941 5470
942 5470
943 5470
944 5470
945 5470
946 5470
947 5470
948 5470
949 5470
950 5470
951 5470
952 5470
953 5470
954 5470
955 5470
956 5470
957 5470
958 5470
959 5470
960 5470
961 5470
962 5470
963 5470
964 5470
965 5470
966 5470
967 5470
968 5470
969 5470
970 5470
971 5470
972 5470
973 5470
974 5470
975 5470
976 5470
977 5470
978 5470
979 5470
980 5470
981 5470
982 5470
983 5470
984 5470
985 5470
986 5470
987 5470
988 5470
989 5470
990 5470
991 5470
992 5470
993 5470
994 5470
995 5470
996 5470
997 5470
998 5470
999 5470
1000 5470
1001 5470
1002 5470
1003 5470
1004 5470
1005 5470
1006 5470
1007 5470
1008 5470
1009 5470
1010 5470
1011 5470
1012 5470
1013 5470
1014 5470
1015 5470
1016 5470
1017 5470
1018 5470
1019 5470
1020 5470
1021 5470
1022 5470
1023 5470
1024 5470
1025 5470
1026 5470
1027 5470
1028 5470
1029 5470
1030 5470
1031 5470
1032 5470
1033 5470
1034 5470
1035 5470
1036 5470
1037 5470
1038 5470
1039 5470
1040 5470
1041 5470
1042 5470
1043 5470
1044 5470
1045 5470
1046 5470
1047 5470
1048 5470
1049 5470
1050 5470
1051 5470
1052 5470
1053 5470
1054 5470
1055 5470
1056 5470
1057 5470
1058 5470
1059 5470
1060 5470
1061 5470
1062 5470
1063 5470
1064 5470
1065 5470
1066 5470
1067 5470
1068 5470
1069 5470
1070 5470
1071 5470
1072 5470
1073 5470
1074 5470
1075 5470
1076 5470
1077 5470
1078 5470
1079 5470
1080 5470
1081 5470
1082 5470
1083 5470
1084 5470
1085 5470
1086 5470
1087 5470
1088 5470
1089 5470
1090 5470
1091 5470
1092 5470
1093 5470
1094 5470
1095 5470
1096 5470
1097 5470
1098 5470
1099 5470
1100 5470
1101 5470
1102 5470
1103 5470
1104 5470
1105 5470
1106 5470
1107 5470
1108 5470
1109 5470
1110 5470
1111 5470
1112 5470
1113 5470
1114 5470
1115 5470
1116 5470
1117 5470
1118 5470
1119 5470
1120 5470
1121 5470
1122 5470
1123 5470
1124 5470
1125 5470
1126 5470
1127 5470
1128 5470
1129 5470
1130 5470
1131 5470
1132 5470
1133 5470
1134 5470
1135 5470
1136 5470
1137 5470
1138 5470
1139 5470
1140 5470
1141 5470
1142 5470
1143 5470
1144 5470
1145 5470
1146 5470
1147 5470
1148 5470
1149 5470
1150 5470
1151 5470
1152 5470
1153 5470
1154 5470
1155 5470
1156 5470
1157 5470
1158 5470
1159 5470
1160 5470
1161 5470
1162 5470
1163 5470
1164 5470
1165 5470
1166 5470
1167 5470
1168 5470
1169 5470
1170 5470
1171 5470
1172 5470
1173 5470
1174 5470
1175 5470
1176 5470
1177 5470
1178 5470
1179 5470
1180 5470
1181 5470
1182 5470
1183 5470
1184 5470
1185 5470
1186 5470
1187 5470
1188 5470
1189 5470
1190 5470
1191 5470
1192 5470
1193 5470
1194 5470
1195 5470
1196 5470
1197 5470
1198 5470
1199 5470
1200 5470
1201 5470
1202 5470
1203 5470
1204 5470
1205 5470
1206 5470
1207 5470
1208 5470
1209 5470
1210 5470
1211 5470
1212 5470
1213 5470
1214 5470
1215 5470
1216 5470
1217 5470
1218 5470
1219 5470
1220 5470
1221 5470
1222 5470
1223 5470
1224 5470
1225 5470
1226 5470
1227 5470
1228 5470
1229 5470
1230 5470
1231 5470
1232 5470
1233 5470
1234 5470
1235 5470
1236 5470
1237 5470
1238 5470
1239 5470
1240 5470
1241 5470
1242 5470
1243 5470
1244 5470
1245 5470
1246 5470
1247 5470
1248 5470
1249 5470
1250 5470
1251 5470
1252 5470
1253 5470
1254 5470
1255 5470
1256 5470
1257 5470
1258 5470
1259 5470
1260 5470
1261 5470
1262 5470
1263 5470
1264 5470
1265 5470
1266 5470
1267 5470
1268 5470
1269 5470
1270 5470
1271 5470
1272 5470
1273 5470
1274 5470
1275 5470
1276 5470
1277 5470
1278 5470
1279 5470
1280 5470
1281 5470
1282 5470
1283 5470
1284 5470
1285 5470
1286 5470
1287 5470
1288 5470
1289 5470
1290 5470
1291 5470
1292 5470
1293 5470
1294 5470
1295 5470
1296 5470
1297 5470
1298 5470
1299 5470
1300 5470
1301 5470
1302 5470
1303 5470
1304 5470
1305 5470
1306 5470
1307 5470
1308 5470
1309 5470
1310 5470
1311 5470
1312 5470
1313 5470
1314 5470
1315 5470
1316 5470
1317 5470
1318 5470
1319 5470
1320 5470
1321 5470
1322 5470
1323 5470
1324 5470
1325 5470
1326 5470
1327 5470
1328 5470
1329 5470
1330 5470
1331 5470
1332 5470
1333 5470
1334 5470
1335 5470
1336 5470
1337 5470
1338 5470
1339 5470
1340 5470
1341 5470
1342 5470
1343 5470
1344 5470
1345 5470
1346 5470
1347 5470
1348 5470
1349 5470
1350 5470
1351 5470
1352 5470
1353 5470
1354 5470
1355 5470
1356 5470
1357 5470
1358 5470
1359 5470
1360 5470
1361 5470
1362 5470
1363 5470
1364 5470
1365 5470
1366 5470
1367 5470
1368 5470
1369 5470
1370 5470
1371 5470
1372 5470
1373 5470
1374 5470
1375 5470
1376 5470
1377 5470
1378 5470
1379 5470
1380 5470
1381 5470
1382 5470
1383 5470
1384 5470
1385 5470
1386 5470
1387 5470
1388 5470
1389 5470
1390 5470
1391 5470
1392 5470
1393 5470
1394 5470
1395 5470
1396 5470
1397 5470
1398 5470
1399 5470
1400 5470
1401 5470
1402 5470
1403 5470
1404 5470
1405 5470
1406 5470
1407 5470
1408 5470
1409 5470
1410 5470
1411 5470
1412 5470
1413 5470
1414 5470
1415 5470
1416 5470
1417 5470
1418 5470
1419 5470
1420 5470
1421 5470
1422 5470
1423 5470
1424 5470
1425 5470
1426 5470
1427 5470
1428 5470
1429 5470
1430 5470
1431 5470
1432 5470
1433 5470
1434 5470
1435 5470
1436 5470
1437 5470
1438 5470
1439 5470
1440 5470
1441 5470
1442 5470
1443 5470
1444 5470
1445 5470
1446 5470
1447 5470
1448 5470
1449 5470
1450 5470
1451 5470
1452 5470
1453 5470
1454 5470
1455 5470
1456 5470
1457 5470
1458 5470
1459 5470
1460 5470
1461 5470
1462 5470
1463 5470
1464 5470
1465 5470
1466 5470
1467 5470
1468 5470
1469 5470
1470 5470
1471 5470
1472 5470
1473 5470
1474 5470
1475 5470
1476 5470
1477 5470
1478 5470
1479 5470
1480 5470
1481 5470
1482 5470
1483 5470
1484 5470
1485 5470
1486 5470
1487 5470
1488 5470
1489 5470
1490 5470
1491 5420
1492 5420
1493 5420
1494 5420
1495 5420
1496 5420
1497 5420
1498 5420
1499 5420
1500 5420
1501 5420
1502 5420
1503 5420
1504 5420
1505 5420
1506 5420
1507 5420
1508 5420
1509 5420
1510 5420
1511 5420
1512 5420
1513 5420
1514 5420
1515 5420
1516 5420
1517 5420
1518 5420
1519 5420
1520 5420
1521 5420
1522 5420
1523 5420
1524 5420
1525 5420
1526 5420
1527 5420
1528 5420
1529 5420
1530 5420
1531 5420
1532 5420
1533 5420
1534 5420
1535 5420
1536 5420
1537 5420
1538 5420
1539 5420
1540 5420
1541 5420
1542 5420
1543 5420
1544 5420
1545 5420
1546 5420
1547 5420
1548 5420
1549 5420
1550 5420
1551 5420
1552 5420
1553 5420
1554 5420
1555 5420
1556 5420
1557 5420
1558 5420
1559 5420
1560 5420
1561 5420
1562 5420
1563 5420
1564 5420
1565 5420
1566 5420
1567 5420
1568 5420
1569 5420
1570 5420
1571 5420
1572 5420
1573 5420
1574 5420
1575 5420
1576 5420
1577 5420
1578 5420
1579 5420
1580 5420
1581 5420
1582 5420
1583 5420
1584 5420
1585 5420
1586 5420
1587 5420
1588 5420
1589 5420
1590 5420
1591 5420
1592 5420
1593 5420
1594 5420
1595 5420
1596 5420
1597 5420
1598 5420
1599 5420
1600 5420
1601 5420
1602 5420
1603 5420
1604 5420
1605 5420
1606 5420
1607 5420
1608 5420
1609 5420
1610 5420
1611 5420
1612 5420
1613 5420
1614 5420
1615 5420
1616 5420
1617 5420
1618 5420
1619 5420
1620 5420
1621 5420
1622 5420
1623 5420
1624 5420
1625 5420
1626 5420
1627 5420
1628 5420
1629 5420
1630 5420
1631 5420
1632 5420
1633 5420
1634 5420
1635 5420
1636 5420
1637 5420
1638 5420
1639 5420
1640 5420
1641 5420
1642 5420
1643 5420
1644 5420
1645 5420
1646 5420
1647 5420
1648 5420
1649 5420
1650 5420
1651 5420
1652 5420
1653 5420
1654 5420
1655 5420
1656 5420
1657 5420
1658 5420
1659 5420
1660 5420
1661 5420
1662 5420
1663 5420
1664 5420
1665 5420
1666 5420
1667 5420
1668 5420
1669 5420
1670 5420
1671 5420
1672 5420
1673 5420
1674 5420
1675 5420
1676 5420
1677 5420
1678 5420
1679 5420
1680 5420
1681 5420
1682 5420
1683 5420
1684 5420
1685 5420
1686 5420
1687 5420
1688 5420
1689 5420
1690 5420
1691 5420
1692 5420
1693 5420
1694 5420
1695 5420
1696 5420
1697 5420
1698 5420
1699 5420
1700 5420
1701 5420
1702 5420
1703 5420
1704 5420
1705 5420
1706 5420
1707 5420
1708 5420
1709 5420
1710 5420
1711 5420
1712 5420
1713 5420
1714 5420
1715 5420
1716 5420
1717 5420
1718 5420
1719 5420
1720 5420
1721 5420
1722 5420
1723 5420
1724 5420
1725 5420
1726 5420
1727 5420
1728 5420
1729 5420
1730 5420
1731 5420
1732 5420
1733 5420
1734 5420
1735 5420
1736 5420
1737 5420
1738 5420
1739 5420
1740 5420
1741 5420
1742 5420
1743 5420
1744 5420
1745 5420
1746 5420
1747 5420
1748 5420
1749 5420
1750 5420
1751 5420
1752 5420
1753 5420
1754 5420
1755 5420
1756 5420
1757 5420
1758 5420
1759 5420
1760 5420
1761 5420
1762 5420
1763 5420
1764 5420
1765 5420
1766 5420
1767 5420
1768 5420
1769 5420
1770 5420
1771 5420
1772 5420
1773 5420
1774 5420
1775 5420
1776 5420
1777 5420
1778 5420
1779 5420
1780 5420
1781 5420
1782 5420
1783 5420
1784 5420
1785 5420
1786 5420
1787 5420
1788 5420
1789 5420
1790 5420
1791 5420
1792 5420
1793 5420
1794 5420
1795 5420
1796 5420
1797 5420
1798 5420
1799 5420
1800 5420
1801 5420
1802 5420
1803 5420
1804 5420
1805 5420
1806 5420
1807 5420
1808 5420
1809 5420
1810 5420
1811 5420
1812 5420
1813 5420
1814 5420
1815 5420
1816 5420
1817 5420
1818 5420
1819 5420
1820 5420
1821 5420
1822 5420
1823 5420
1824 5420
1825 5420
1826 5420
1827 5420
1828 5420
1829 5420
1830 5420
1831 5420
1832 5420
1833 5420
1834 5420
1835 5420
1836 5420
1837 5420
1838 5420
1839 5420
1840 5420
1841 5420
1842 5420
1843 5420
1844 5420
1845 5420
1846 5420
1847 5420
1848 5420
1849 5420
1850 5420
1851 5420
1852 5420
1853 5420
1854 5420
1855 5420
1856 5420
1857 5420
1858 5420
1859 5420
1860 5420
1861 5420
1862 5420
1863 5420
1864 5420
1865 5420
1866 5420
1867 5420
1868 5420
1869 5420
1870 5420
1871 5420
1872 5420
1873 5420
1874 5420
1875 5420
1876 5420
1877 5420
1878 5420
1879 5420
1880 5420
1881 5420
1882 5420
1883 5420
1884 5420
1885 5420
1886 5420
1887 5420
1888 5420
1889 5420
1890 5420
1891 5420
1892 5420
1893 5420
1894 5420
1895 5420
1896 5420
1897 5420
1898 5420
1899 5420
1900 5420
1901 5420
1902 5420
1903 5420
1904 5420
1905 5420
1906 5420
1907 5420
1908 5420
1909 5420
1910 5420
1911 5420
1912 5420
1913 5420
1914 5420
1915 5420
1916 5420
1917 5420
1918 5420
1919 5420
1920 5420
1921 5420
1922 5420
1923 5420
1924 5420
1925 5420
1926 5420
1927 5420
1928 5420
1929 5420
1930 5420
1931 5420
1932 5420
1933 5420
1934 5420
1935 5420
1936 5420
1937 5420
1938 5420
1939 5420
1940 5420
1941 5420
1942 5420
1943 5420
1944 5420
1945 5420
1946 5420
1947 5420
1948 5420
1949 5420
1950 5420
1951 5420
1952 5420
1953 5420
1954 5420
1955 5420
1956 5420
1957 5420
1958 5420
1959 5420
1960 5420
1961 5420
1962 5420
1963 5420
1964 5420
1965 5420
1966 5420
1967 5420
1968 5420
1969 5420
1970 5420
1971 5420
1972 5420
1973 5420
1974 5420
1975 5420
1976 5420
1977 5420
1978 5420
1979 5420
1980 5420
1981 5420
1982 5420
1983 5420
1984 5420
1985 5420
1986 5420
1987 5420
1988 5420
1989 5420
1990 5420
1991 5420
1992 5420
1993 5420
1994 5420
1995 5420
1996 5420
1997 5420
1998 5420
1999 5420
